{
    "animation": [
        {
            "name": "Root",
            "time": [0.0, 0.05, 0.1333, 0.2167, 0.3, 0.3833, 0.4667, 0.55, 0.6333, 0.7167, 0.8, 0.8833],
            "transform": [
                [1.0, 0.0, 0.0, 1.7e-05, 0.0, 0.0, -1.0, 0.000905, 0.0, 1.0, 0.0, 0.775168, 0.0, 0.0, 0.0, 1.0],
                [1.0, 0.0, 0.0, 1.7e-05, 0.0, 0.0, -1.0, 0.000905, 0.0, 1.0, 0.0, 0.775168, 0.0, 0.0, 0.0, 1.0],
                [1.0, 0.0, 0.0, 1.7e-05, 0.0, 0.0, -1.0, 0.000905, 0.0, 1.0, 0.0, 0.70707, 0.0, 0.0, 0.0, 1.0],
                [1.0, 0.0, 0.0, 1.7e-05, 0.0, 0.0, -1.0, 0.000905, 0.0, 1.0, 0.0, 0.638973, 0.0, 0.0, 0.0, 1.0],
                [1.0, 0.0, 0.0, 1.7e-05, 0.0, 0.0, -1.0, 0.000905, 0.0, 1.0, 0.0, 0.669034, 0.0, 0.0, 0.0, 1.0],
                [1.0, 0.0, 0.0, 1.7e-05, 0.0, 0.0, -1.0, 0.000905, 0.0, 1.0, 0.0, 0.712241, 0.0, 0.0, 0.0, 1.0],
                [1.0, 0.0, 0.0, 1.7e-05, 0.0, 0.0, -1.0, 0.000905, 0.0, 1.0, 0.0, 0.775168, 0.0, 0.0, 0.0, 1.0],
                [1.0, 0.0, 0.0, 1.7e-05, 0.0, 0.0, -1.0, 0.000905, 0.0, 1.0, 0.0, 0.70707, 0.0, 0.0, 0.0, 1.0],
                [1.0, 0.0, 0.0, 1.7e-05, 0.0, 0.0, -1.0, 0.000905, 0.0, 1.0, 0.0, 0.638973, 0.0, 0.0, 0.0, 1.0],
                [1.0, 0.0, 0.0, 1.7e-05, 0.0, 0.0, -1.0, 0.000905, 0.0, 1.0, 0.0, 0.669034, 0.0, 0.0, 0.0, 1.0],
                [1.0, 0.0, 0.0, 1.7e-05, 0.0, 0.0, -1.0, 0.000905, 0.0, 1.0, 0.0, 0.712241, 0.0, 0.0, 0.0, 1.0],
                [1.0, 0.0, 0.0, 1.7e-05, 0.0, 0.0, -1.0, 0.000905, 0.0, 1.0, 0.0, 0.775168, 0.0, 0.0, 0.0, 1.0]
            ]
        },
        {
            "name": "Thigh_R",
            "time": [0.0, 0.05, 0.1333, 0.2167, 0.3, 0.3833, 0.4667, 0.55, 0.6333, 0.7167, 0.8, 0.8833],
            "transform": [
                [0.99687, 0.057553, 0.054196, 0.124994, 0.022886, -0.866296, 0.499004, -0.002831, 0.075669, -0.496201, -0.864904, -1.2e-05, 0.0, 0.0, 0.0, 1.0],
                [0.99687, 0.057553, 0.054196, 0.124994, 0.022886, -0.866296, 0.499004, -0.002831, 0.075669, -0.496201, -0.864904, -1.2e-05, 0.0, 0.0, 0.0, 1.0],
                [0.99753, 0.044473, 0.054367, 0.124994, 0.002518, -0.796162, 0.605077, -0.002831, 0.070194, -0.603445, -0.794309, -1.2e-05, 0.0, 0.0, 0.0, 1.0],
                [0.997917, 0.031756, 0.056151, 0.124994, -0.016624, -0.714445, 0.699494, -0.002831, 0.062329, -0.698969, -0.71243, -1.2e-05, 0.0, 0.0, 0.0, 1.0],
                [0.999698, 0.011528, 0.021684, 0.124994, -0.005708, -0.749727, 0.661722, -0.002831, 0.023885, -0.661646, -0.749436, -1.2e-05, 0.0, 0.0, 0.0, 1.0],
                [0.999679, 0.006587, 0.024473, 0.124994, -0.005515, -0.885954, 0.46374, -0.002831, 0.024736, -0.463725, -0.885634, -1.2e-05, 0.0, 0.0, 0.0, 1.0],
                [0.996195, -0.0, 0.087156, 0.124994, 0.003799, -0.999049, -0.043424, -0.002831, 0.087073, 0.04359, -0.995248, -1.2e-05, 0.0, 0.0, 0.0, 1.0],
                [0.996195, -0.0, 0.087155, 0.124994, 0.019851, -0.973713, -0.226909, -0.002831, 0.084865, 0.227776, -0.970008, -1.2e-05, 0.0, 0.0, 0.0, 1.0],
                [0.996195, -0.0, 0.087155, 0.124994, 0.034932, -0.916162, -0.399282, -0.002831, 0.079849, 0.400807, -0.912676, -1.2e-05, 0.0, 0.0, 0.0, 1.0],
                [0.996194, -0.0, 0.087155, 0.124994, 0.021525, -0.969021, -0.246032, -0.002831, 0.084456, 0.246971, -0.965336, -1.2e-05, 0.0, 0.0, 0.0, 1.0],
                [0.996478, 0.018745, 0.081723, 0.124994, 0.014955, -0.998793, 0.046747, -0.002831, 0.082501, -0.04536, -0.995558, -1.2e-05, 0.0, 0.0, 0.0, 1.0],
                [0.99687, 0.057553, 0.054196, 0.124994, 0.022886, -0.866296, 0.499004, -0.002831, 0.075669, -0.496201, -0.864904, -1.2e-05, 0.0, 0.0, 0.0, 1.0]
            ]
        },
        {
            "name": "Leg_R",
            "time": [0.0, 0.05, 0.1333, 0.2167, 0.3, 0.3833, 0.4667, 0.55, 0.6333, 0.7167, 0.8, 0.8833],
            "transform": [
                [1.0, 0.0, 1e-06, 0.0, -1e-06, 0.375306, 0.9269, 0.37472, -0.0, -0.926902, 0.375306, 0.0, 0.0, 0.0, 0.0, 1.0],
                [1.0, 0.0, 1e-06, 0.0, -1e-06, 0.375306, 0.9269, 0.37472, -0.0, -0.926902, 0.375306, 0.0, 0.0, 0.0, 0.0, 1.0],
                [1.0, 0.0, 1e-06, 0.0, -1e-06, 0.627654, 0.778492, 0.37472, -0.0, -0.778493, 0.627654, 0.0, 0.0, 0.0, 0.0, 1.0],
                [1.0, 0.0, 1e-06, 0.0, -1e-06, 0.872166, 0.489211, 0.37472, -1e-06, -0.489211, 0.872165, 0.0, 0.0, 0.0, 0.0, 1.0],
                [1.0, 0.0, 1e-06, 0.0, -1e-06, 0.767813, 0.640674, 0.37472, -1e-06, -0.640674, 0.767813, 0.0, 0.0, 0.0, 0.0, 1.0],
                [1.0, 0.0, 1e-06, -0.0, -1e-06, 0.845172, 0.534494, 0.37472, -1e-06, -0.534494, 0.845173, -0.0, 0.0, 0.0, 0.0, 1.0],
                [1.0, 0.0, 1e-06, -0.0, -1e-06, 0.996194, 0.087156, 0.37472, -1e-06, -0.087156, 0.996195, -0.0, 0.0, 0.0, 0.0, 1.0],
                [1.0, 0.0, 1e-06, -0.0, -0.0, 0.976242, 0.216684, 0.37472, -1e-06, -0.216684, 0.976242, 0.0, 0.0, 0.0, 0.0, 1.0],
                [1.0, -0.0, 1e-06, -0.0, -0.0, 0.939693, 0.34202, 0.37472, -1e-06, -0.342021, 0.939692, -0.0, 0.0, 0.0, 0.0, 1.0],
                [1.0, -0.0, 1e-06, -0.0, -0.0, 0.805698, 0.592326, 0.37472, -1e-06, -0.592327, 0.805698, -0.0, 0.0, 0.0, 0.0, 1.0],
                [1.0, -0.0, 1e-06, 0.0, -1e-06, 0.604998, 0.796227, 0.37472, -1e-06, -0.796228, 0.604997, -0.0, 0.0, 0.0, 0.0, 1.0],
                [1.0, 0.0, 1e-06, 0.0, -1e-06, 0.375306, 0.9269, 0.37472, -0.0, -0.926902, 0.375306, 0.0, 0.0, 0.0, 0.0, 1.0]
            ]
        },
        {
            "name": "Knee_R",
            "time": [0.0, 0.05, 0.1333, 0.2167, 0.3, 0.3833, 0.4667, 0.55, 0.6333, 0.7167, 0.8, 0.8833],
            "transform": [
                [1.0, 0.0, -0.0, 0.0, -0.0, 0.0, -1.0, 0.37472, -0.0, 1.0, 0.0, 0.0, 0.0, 0.0, 0.0, 1.0],
                [1.0, 0.0, -0.0, 0.0, -0.0, 0.0, -1.0, 0.37472, -0.0, 1.0, 0.0, 0.0, 0.0, 0.0, 0.0, 1.0],
                [1.0, 0.0, -0.0, 0.0, -0.0, 0.0, -1.0, 0.37472, -0.0, 1.0, 0.0, 0.0, 0.0, 0.0, 0.0, 1.0],
                [1.0, 0.0, -0.0, 0.0, -0.0, 0.0, -1.0, 0.37472, -0.0, 1.0, 0.0, 0.0, 0.0, 0.0, 0.0, 1.0],
                [1.0, 0.0, -0.0, 0.0, -0.0, 0.0, -1.0, 0.37472, -0.0, 1.0, 0.0, 0.0, 0.0, 0.0, 0.0, 1.0],
                [1.0, 0.0, -0.0, -0.0, -0.0, 0.0, -1.0, 0.37472, -0.0, 1.0, 0.0, -0.0, 0.0, 0.0, 0.0, 1.0],
                [1.0, 0.0, -0.0, -0.0, -0.0, 0.0, -1.0, 0.37472, -0.0, 1.0, 0.0, 0.0, 0.0, 0.0, 0.0, 1.0],
                [1.0, 0.0, -0.0, -0.0, -0.0, 0.0, -1.0, 0.37472, -0.0, 1.0, 0.0, 0.0, 0.0, 0.0, 0.0, 1.0],
                [1.0, 0.0, -0.0, -0.0, -0.0, 0.0, -1.0, 0.37472, -0.0, 1.0, 0.0, -0.0, 0.0, 0.0, 0.0, 1.0],
                [1.0, 0.0, -0.0, -0.0, -0.0, 0.0, -1.0, 0.37472, -0.0, 1.0, 0.0, -0.0, 0.0, 0.0, 0.0, 1.0],
                [1.0, 0.0, -0.0, 0.0, -0.0, 0.0, -1.0, 0.37472, -0.0, 1.0, 0.0, -0.0, 0.0, 0.0, 0.0, 1.0],
                [1.0, 0.0, -0.0, 0.0, -0.0, 0.0, -1.0, 0.37472, -0.0, 1.0, 0.0, 0.0, 0.0, 0.0, 0.0, 1.0]
            ]
        },
        {
            "name": "Thigh_L",
            "time": [0.0, 0.05, 0.1333, 0.2167, 0.3, 0.3833, 0.4667, 0.55, 0.6333, 0.7167, 0.8, 0.8833],
            "transform": [
                [0.996195, -0.0, -0.087156, -0.125006, -0.0038, -0.999049, -0.043424, -0.002831, -0.087073, 0.04359, -0.995248, -1.2e-05, 0.0, 0.0, 0.0, 1.0],
                [0.996195, -0.0, -0.087156, -0.125006, -0.0038, -0.999049, -0.043424, -0.002831, -0.087073, 0.04359, -0.995248, -1.2e-05, 0.0, 0.0, 0.0, 1.0],
                [0.996195, -0.0, -0.087156, -0.125006, -0.019852, -0.973713, -0.226909, -0.002831, -0.084865, 0.227776, -0.970008, -1.2e-05, 0.0, 0.0, 0.0, 1.0],
                [0.996195, -0.0, -0.087156, -0.125006, -0.034933, -0.916162, -0.399282, -0.002831, -0.079849, 0.400807, -0.912676, -1.2e-05, 0.0, 0.0, 0.0, 1.0],
                [0.996194, -0.0, -0.087156, -0.125006, -0.021525, -0.969021, -0.246032, -0.002831, -0.084456, 0.246971, -0.965336, -1.2e-05, 0.0, 0.0, 0.0, 1.0],
                [0.996478, -0.018746, -0.081723, -0.125006, -0.014956, -0.998793, 0.046747, -0.002831, -0.082501, -0.04536, -0.995558, -1.2e-05, 0.0, 0.0, 0.0, 1.0],
                [0.99687, -0.057554, -0.054196, -0.125006, -0.022887, -0.866296, 0.499004, -0.002831, -0.075669, -0.496201, -0.864904, -1.2e-05, 0.0, 0.0, 0.0, 1.0],
                [0.99753, -0.044474, -0.054366, -0.125006, -0.002519, -0.796162, 0.605077, -0.002831, -0.070195, -0.603445, -0.794309, -1.2e-05, 0.0, 0.0, 0.0, 1.0],
                [0.997917, -0.031757, -0.05615, -0.125006, 0.016623, -0.714445, 0.699494, -0.002831, -0.06233, -0.698969, -0.71243, -1.2e-05, 0.0, 0.0, 0.0, 1.0],
                [0.999698, -0.011528, -0.021684, -0.125006, 0.005707, -0.749727, 0.661722, -0.002831, -0.023886, -0.661645, -0.749436, -1.2e-05, 0.0, 0.0, 0.0, 1.0],
                [0.999679, -0.006588, -0.024472, -0.125006, 0.005514, -0.885954, 0.463739, -0.002831, -0.024736, -0.463725, -0.885634, -1.2e-05, 0.0, 0.0, 0.0, 1.0],
                [0.996195, -0.0, -0.087156, -0.125006, -0.0038, -0.999049, -0.043424, -0.002831, -0.087073, 0.04359, -0.995248, -1.2e-05, 0.0, 0.0, 0.0, 1.0]
            ]
        },
        {
            "name": "Leg_L",
            "time": [0.0, 0.05, 0.1333, 0.2167, 0.3, 0.3833, 0.4667, 0.55, 0.6333, 0.7167, 0.8, 0.8833],
            "transform": [
                [1.0, 0.0, 1e-06, -0.0, -0.0, 0.996194, 0.087156, 0.37472, -1e-06, -0.087156, 0.996195, -0.0, 0.0, 0.0, 0.0, 1.0],
                [1.0, 0.0, 1e-06, -0.0, -0.0, 0.996194, 0.087156, 0.37472, -1e-06, -0.087156, 0.996195, -0.0, 0.0, 0.0, 0.0, 1.0],
                [1.0, 0.0, 1e-06, -0.0, -1e-06, 0.976242, 0.216684, 0.37472, -1e-06, -0.216684, 0.976242, 0.0, 0.0, 0.0, 0.0, 1.0],
                [1.0, 0.0, 1e-06, 0.0, -1e-06, 0.939693, 0.34202, 0.37472, -1e-06, -0.342021, 0.939692, -0.0, 0.0, 0.0, 0.0, 1.0],
                [1.0, 0.0, 1e-06, -0.0, -1e-06, 0.805698, 0.592326, 0.37472, -1e-06, -0.592327, 0.805698, 0.0, 0.0, 0.0, 0.0, 1.0],
                [1.0, -1e-06, 1e-06, -0.0, -0.0, 0.604998, 0.796227, 0.37472, -1e-06, -0.796228, 0.604997, 0.0, 0.0, 0.0, 0.0, 1.0],
                [1.0, -1e-06, 0.0, 0.0, 0.0, 0.375306, 0.9269, 0.37472, -1e-06, -0.926902, 0.375306, -0.0, 0.0, 0.0, 0.0, 1.0],
                [1.0, -1e-06, 1e-06, 0.0, -0.0, 0.627654, 0.778492, 0.37472, -1e-06, -0.778493, 0.627654, 0.0, 0.0, 0.0, 0.0, 1.0],
                [1.0, -0.0, 1e-06, -0.0, -0.0, 0.872166, 0.489211, 0.37472, -1e-06, -0.489211, 0.872165, 0.0, 0.0, 0.0, 0.0, 1.0],
                [1.0, -0.0, 1e-06, -0.0, -0.0, 0.767813, 0.640674, 0.37472, -1e-06, -0.640674, 0.767813, 0.0, 0.0, 0.0, 0.0, 1.0],
                [1.0, -0.0, 1e-06, -0.0, -0.0, 0.845172, 0.534494, 0.37472, -1e-06, -0.534494, 0.845173, -0.0, 0.0, 0.0, 0.0, 1.0],
                [1.0, 0.0, 1e-06, -0.0, -0.0, 0.996194, 0.087156, 0.37472, -1e-06, -0.087156, 0.996195, -0.0, 0.0, 0.0, 0.0, 1.0]
            ]
        },
        {
            "name": "Knee_L",
            "time": [0.0, 0.05, 0.1333, 0.2167, 0.3, 0.3833, 0.4667, 0.55, 0.6333, 0.7167, 0.8, 0.8833],
            "transform": [
                [1.0, 0.0, -0.0, -0.0, -0.0, 0.0, -1.0, 0.37472, -0.0, 1.0, 0.0, -0.0, 0.0, 0.0, 0.0, 1.0],
                [1.0, 0.0, -0.0, -0.0, -0.0, 0.0, -1.0, 0.37472, -0.0, 1.0, 0.0, -0.0, 0.0, 0.0, 0.0, 1.0],
                [1.0, 0.0, -0.0, 0.0, -0.0, 0.0, -1.0, 0.37472, -0.0, 1.0, 0.0, 0.0, 0.0, 0.0, 0.0, 1.0],
                [1.0, 0.0, -0.0, 0.0, -0.0, 0.0, -1.0, 0.37472, -0.0, 1.0, 0.0, -0.0, 0.0, 0.0, 0.0, 1.0],
                [1.0, 0.0, -0.0, 0.0, -0.0, 0.0, -1.0, 0.37472, -0.0, 1.0, 0.0, 0.0, 0.0, 0.0, 0.0, 1.0],
                [1.0, 0.0, -0.0, -0.0, -0.0, 0.0, -1.0, 0.37472, -0.0, 1.0, 0.0, 0.0, 0.0, 0.0, 0.0, 1.0],
                [1.0, 0.0, -0.0, 0.0, -0.0, 0.0, -1.0, 0.37472, -0.0, 1.0, 0.0, -0.0, 0.0, 0.0, 0.0, 1.0],
                [1.0, 0.0, -0.0, 0.0, -0.0, 0.0, -1.0, 0.37472, -0.0, 1.0, 0.0, 0.0, 0.0, 0.0, 0.0, 1.0],
                [1.0, 0.0, -0.0, -0.0, -0.0, 0.0, -1.0, 0.37472, -0.0, 1.0, 0.0, 0.0, 0.0, 0.0, 0.0, 1.0],
                [1.0, 0.0, -0.0, -0.0, -0.0, 0.0, -1.0, 0.37472, -0.0, 1.0, 0.0, 0.0, 0.0, 0.0, 0.0, 1.0],
                [1.0, 0.0, -0.0, -0.0, -0.0, 0.0, -1.0, 0.37472, -0.0, 1.0, 0.0, -0.0, 0.0, 0.0, 0.0, 1.0],
                [1.0, 0.0, -0.0, -0.0, -0.0, 0.0, -1.0, 0.37472, -0.0, 1.0, 0.0, -0.0, 0.0, 0.0, 0.0, 1.0]
            ]
        },
        {
            "name": "Torso",
            "time": [0.0, 0.8833],
            "transform": [
                [1.0, 0.0, 0.0, 0.0, 0.0, 0.948777, 0.315948, 0.05, 0.0, -0.315948, 0.948776, 0.0, 0.0, 0.0, 0.0, 1.0],
                [1.0, 0.0, 0.0, 0.0, 0.0, 0.948777, 0.315948, 0.05, 0.0, -0.315948, 0.948776, 0.0, 0.0, 0.0, 0.0, 1.0]
            ]
        },
        {
            "name": "Chest",
            "time": [0.0, 0.2167, 0.6333, 0.8833],
            "transform": [
                [1.0, 0.0, -0.0, -0.0, -0.0, 0.723276, 0.690559, 0.3, 0.0, -0.690559, 0.723276, 0.0, 0.0, 0.0, 0.0, 1.0],
                [0.967099, 0.0, -0.254402, -0.0, 0.175679, 0.723276, 0.667839, 0.3, 0.184003, -0.690559, 0.69948, -0.0, 0.0, 0.0, 0.0, 1.0],
                [0.964375, 0.0, 0.26454, -0.0, -0.182681, 0.723276, 0.665958, 0.3, -0.191335, -0.690559, 0.69751, -0.0, 0.0, 0.0, 0.0, 1.0],
                [1.0, 0.0, -0.0, -0.0, -0.0, 0.723276, 0.690559, 0.3, 0.0, -0.690559, 0.723276, 0.0, 0.0, 0.0, 0.0, 1.0]
            ]
        },
        {
            "name": "Head",
            "time": [0.0, 0.2167, 0.6333, 0.8833],
            "transform": [
                [0.999862, 0.016567, -0.001558, -0.0, -0.016056, 0.935894, -0.351916, 0.4, -0.004372, 0.351893, 0.93603, 0.0, 0.0, 0.0, 0.0, 1.0],
                [0.966561, 0.032829, 0.254325, -0.0, 0.061944, 0.932511, -0.355791, 0.4, -0.248841, 0.359648, 0.899295, 0.0, 0.0, 0.0, 0.0, 1.0],
                [0.960865, -0.109806, -0.254324, -0.0, 0.012619, 0.93448, -0.355791, 0.4, 0.276729, 0.338658, 0.899295, 0.0, 0.0, 0.0, 0.0, 1.0],
                [0.999862, 0.016567, -0.001558, -0.0, -0.016056, 0.935894, -0.351916, 0.4, -0.004372, 0.351893, 0.93603, 0.0, 0.0, 0.0, 0.0, 1.0]
            ]
        },
        {
            "name": "Shoulder_R",
            "time": [0.0, 0.2167, 0.6333, 0.8833],
            "transform": [
                [0.0, 0.952114, 0.305743, 0.0, -1e-06, -0.305743, 0.952114, 0.4, 1.0, -1e-06, 1e-06, 0.0, 0.0, 0.0, 0.0, 1.0],
                [0.0, 0.952114, 0.305743, -0.0, -1e-06, -0.305743, 0.952114, 0.4, 1.0, -1e-06, 1e-06, 0.0, 0.0, 0.0, 0.0, 1.0],
                [0.0, 0.952114, 0.305743, -0.0, -1e-06, -0.305743, 0.952114, 0.4, 1.0, -1e-06, 1e-06, 0.0, 0.0, 0.0, 0.0, 1.0],
                [0.0, 0.952114, 0.305743, 0.0, -1e-06, -0.305743, 0.952114, 0.4, 1.0, -1e-06, 1e-06, 0.0, 0.0, 0.0, 0.0, 1.0]
            ]
        },
        {
            "name": "Arm_R",
            "time": [0.0, 0.8833],
            "transform": [
                [0.856321, 0.175829, -0.485593, 0.0, 0.233168, 0.707347, 0.667304, 0.39386, 0.460813, -0.684651, 0.564718, -0.0, 0.0, 0.0, 0.0, 1.0],
                [0.856321, 0.175829, -0.485593, 0.0, 0.233168, 0.707347, 0.667304, 0.39386, 0.460813, -0.684651, 0.564718, -0.0, 0.0, 0.0, 0.0, 1.0]
            ]
        },
        {
            "name": "Hand_R",
            "time": [0.0, 0.2167, 0.6333, 0.8833],
            "transform": [
                [-0.028933, 0.131536, 0.990892, -0.0, 0.945671, 0.324755, -0.015497, 0.300001, -0.323834, 0.936611, -0.133786, -0.0, 0.0, 0.0, 0.0, 1.0],
                [-0.028933, -0.096201, 0.994944, -0.0, 0.945671, 0.319832, 0.058425, 0.300001, -0.323834, 0.942582, 0.081721, -0.0, 0.0, 0.0, 0.0, 1.0],
                [-0.028933, 0.369293, 0.928866, -0.0, 0.945671, 0.311163, -0.094254, 0.300001, -0.323834, 0.875676, -0.358233, 0.0, 0.0, 0.0, 0.0, 1.0],
                [-0.028933, 0.131536, 0.990892, -0.0, 0.945671, 0.324755, -0.015497, 0.300001, -0.323834, 0.936611, -0.133786, -0.0, 0.0, 0.0, 0.0, 1.0]
            ]
        },
        {
            "name": "Tool_R",
            "time": [0.0, 0.8833],
            "transform": [
                [0.999979, 0.0, 0.0, 0.0, -0.0, -0.99814, 0.017925, 0.272858, 0.0, -0.018091, -0.987662, 0.0, 0.0, 0.0, 0.0, 1.0],
                [0.999979, 0.0, 0.0, 0.0, -0.0, -0.99814, 0.017925, 0.272858, 0.0, -0.018091, -0.987662, 0.0, 0.0, 0.0, 0.0, 1.0]
            ]
        },
        {
            "name": "Elbow_R",
            "time": [0.0, 0.8833],
            "transform": [
                [-0.999999, 0.0, -0.0, 0.0, 0.0, 0.0, -1.0, 0.3, -0.0, -0.999995, -0.0, -0.0, 0.0, 0.0, 0.0, 1.0],
                [-0.999999, 0.0, -0.0, 0.0, 0.0, 0.0, -1.0, 0.3, -0.0, -0.999995, -0.0, -0.0, 0.0, 0.0, 0.0, 1.0]
            ]
        },
        {
            "name": "Shoulder_L",
            "time": [0.0, 0.2167, 0.6333, 0.8833],
            "transform": [
                [-2e-06, -0.952115, -0.30574, -0.0, 4e-06, -0.30574, 0.952115, 0.399999, -1.0, 0.0, 4e-06, 0.0, 0.0, 0.0, 0.0, 1.0],
                [-2e-06, -0.952115, -0.30574, -0.0, 4e-06, -0.30574, 0.952115, 0.399999, -1.0, 0.0, 4e-06, -0.0, 0.0, 0.0, 0.0, 1.0],
                [-2e-06, -0.952115, -0.30574, -0.0, 4e-06, -0.30574, 0.952115, 0.399999, -1.0, 0.0, 4e-06, 0.0, 0.0, 0.0, 0.0, 1.0],
                [-2e-06, -0.952115, -0.30574, -0.0, 4e-06, -0.30574, 0.952115, 0.399999, -1.0, 0.0, 4e-06, 0.0, 0.0, 0.0, 0.0, 1.0]
            ]
        },
        {
            "name": "Arm_L",
            "time": [0.0, 0.8833],
            "transform": [
                [0.877478, -0.004042, 0.479593, 0.0, -0.341434, 0.696991, 0.630573, 0.39386, -0.336821, -0.717067, 0.610216, -0.0, 0.0, 0.0, 0.0, 1.0],
                [0.877478, -0.004042, 0.479593, 0.0, -0.341434, 0.696991, 0.630573, 0.39386, -0.336821, -0.717067, 0.610216, -0.0, 0.0, 0.0, 0.0, 1.0]
            ]
        },
        {
            "name": "Hand_L",
            "time": [0.0, 0.2167, 0.6333, 0.8833],
            "transform": [
                [0.161134, -0.106784, -0.98114, 0.0, -0.965048, 0.191154, -0.179296, 0.3, 0.206694, 0.975738, -0.072249, 0.0, 0.0, 0.0, 0.0, 1.0],
                [0.161134, -0.311023, -0.936645, 0.0, -0.965048, 0.149106, -0.215533, 0.3, 0.206694, 0.938637, -0.276125, 0.0, 0.0, 0.0, 0.0, 1.0],
                [0.161134, 0.120261, -0.97958, 0.0, -0.965048, 0.22707, -0.130867, 0.3, 0.206695, 0.966429, 0.152646, -0.0, 0.0, 0.0, 0.0, 1.0],
                [0.161134, -0.106784, -0.98114, 0.0, -0.965048, 0.191154, -0.179296, 0.3, 0.206694, 0.975738, -0.072249, 0.0, 0.0, 0.0, 0.0, 1.0]
            ]
        },
        {
            "name": "Tool_L",
            "time": [0.0, 0.8833],
            "transform": [
                [1.0, 0.0, 0.0, -0.0, 0.0, -0.999831, 0.018116, 0.272858, 0.0, -0.018122, -0.998896, -0.0, 0.0, 0.0, 0.0, 1.0],
                [1.0, 0.0, 0.0, -0.0, 0.0, -0.999831, 0.018116, 0.272858, 0.0, -0.018122, -0.998896, -0.0, 0.0, 0.0, 0.0, 1.0]
            ]
        },
        {
            "name": "Elbow_L",
            "time": [0.0, 0.8833],
            "transform": [
                [-1.000001, 0.0, 1e-06, -0.0, -1e-06, 0.0, -1.0, 0.3, -0.0, -1.0, -0.0, -0.0, 0.0, 0.0, 0.0, 1.0],
                [-1.000001, 0.0, 1e-06, -0.0, -1e-06, 0.0, -1.0, 0.3, -0.0, -1.0, -0.0, -0.0, 0.0, 0.0, 0.0, 1.0]
            ]
        }
    ]
}