{
    "animation": [
        {
            "name": "Root",
            "time": [0.0, 0.8333, 2.0],
            "transform": [
                [1.0, 0.0, 0.0, 1.7e-05, 0.0, 0.0, -1.0, 0.000905, 0.0, 1.0, 0.0, 0.658965, 0.0, 0.0, 0.0, 1.0],
                [1.0, 0.0, 0.0, 1.7e-05, 0.0, 0.0, -1.0, 0.000905, 0.0, 1.0, 0.0, 0.622157, 0.0, 0.0, 0.0, 1.0],
                [1.0, 0.0, 0.0, 1.7e-05, 0.0, 0.0, -1.0, 0.000905, 0.0, 1.0, 0.0, 0.658965, 0.0, 0.0, 0.0, 1.0]
            ]
        },
        {
            "name": "Thigh_R",
            "time": [0.0, 0.8333, 2.0],
            "transform": [
                [0.626254, 0.315686, 0.712845, 0.124994, 0.406465, -0.912455, 0.046995, -0.002831, 0.665276, 0.260315, -0.699746, -1.2e-05, 0.0, 0.0, 0.0, 1.0],
                [0.625232, 0.410827, 0.663555, 0.124994, 0.413628, -0.895433, 0.164651, -0.002831, 0.661813, 0.17152, -0.729784, -1.2e-05, 0.0, 0.0, 0.0, 1.0],
                [0.626254, 0.315686, 0.712845, 0.124994, 0.406465, -0.912455, 0.046995, -0.002831, 0.665276, 0.260315, -0.699746, -1.2e-05, 0.0, 0.0, 0.0, 1.0]
            ]
        },
        {
            "name": "Leg_R",
            "time": [0.0, 0.8333, 2.0],
            "transform": [
                [1.0, 0.0, 1e-06, -0.0, -0.0, 0.921708, 0.387895, 0.37472, -1e-06, -0.387899, 0.921698, -0.0, 0.0, 0.0, 0.0, 1.0],
                [0.999781, 0.01756, 0.011366, -0.0, -0.020818, 0.782449, 0.622367, 0.37472, 0.002036, -0.622465, 0.782646, -0.0, 0.0, 0.0, 0.0, 1.0],
                [1.0, 0.0, 1e-06, -0.0, -0.0, 0.921708, 0.387895, 0.37472, -1e-06, -0.387899, 0.921698, -0.0, 0.0, 0.0, 0.0, 1.0]
            ]
        },
        {
            "name": "Knee_R",
            "time": [0.0, 2.0],
            "transform": [
                [1.0, 0.0, -0.0, -0.0, -0.0, 0.0, -1.0, 0.37472, -0.0, 1.0, 0.0, -0.0, 0.0, 0.0, 0.0, 1.0],
                [1.0, 0.0, -0.0, -0.0, -0.0, 0.0, -1.0, 0.37472, -0.0, 1.0, 0.0, -0.0, 0.0, 0.0, 0.0, 1.0]
            ]
        },
        {
            "name": "Thigh_L",
            "time": [0.0, 0.8333, 2.0],
            "transform": [
                [0.962645, -0.166666, -0.213394, -0.125006, -0.0, -0.78811, 0.615534, -0.002831, -0.270767, -0.592541, -0.75867, -1.2e-05, 0.0, 0.0, 0.0, 1.0],
                [0.962645, -0.1995, -0.183069, -0.125006, -0.0, -0.676115, 0.736796, -0.002831, -0.270767, -0.709273, -0.650859, -1.2e-05, 0.0, 0.0, 0.0, 1.0],
                [0.962645, -0.166666, -0.213394, -0.125006, -0.0, -0.78811, 0.615534, -0.002831, -0.270767, -0.592541, -0.75867, -1.2e-05, 0.0, 0.0, 0.0, 1.0]
            ]
        },
        {
            "name": "Leg_L",
            "time": [0.0, 0.8333, 2.0],
            "transform": [
                [1.0, 0.0, 1e-06, 0.0, -1e-06, 0.781431, 0.623992, 0.37472, -1e-06, -0.623992, 0.781431, 0.0, 0.0, 0.0, 0.0, 1.0],
                [1.0, 0.0, 1e-06, -0.0, -1e-06, 0.572984, 0.819567, 0.37472, -0.0, -0.819567, 0.572984, 0.0, 0.0, 0.0, 0.0, 1.0],
                [1.0, 0.0, 1e-06, 0.0, -1e-06, 0.781431, 0.623992, 0.37472, -1e-06, -0.623992, 0.781431, 0.0, 0.0, 0.0, 0.0, 1.0]
            ]
        },
        {
            "name": "Knee_L",
            "time": [0.0, 2.0],
            "transform": [
                [1.0, 0.0, -0.0, 0.0, -0.0, 0.0, -1.0, 0.37472, -0.0, 1.0, 0.0, 0.0, 0.0, 0.0, 0.0, 1.0],
                [1.0, 0.0, -0.0, 0.0, -0.0, 0.0, -1.0, 0.37472, -0.0, 1.0, 0.0, 0.0, 0.0, 0.0, 0.0, 1.0]
            ]
        },
        {
            "name": "Torso",
            "time": [0.0, 0.8333, 2.0],
            "transform": [
                [1.0, 0.0, 0.0, 0.0, 0.0, 0.948777, 0.315948, 0.05, 0.0, -0.315948, 0.948776, 0.0, 0.0, 0.0, 0.0, 1.0],
                [1.0, 0.0, 0.0, 0.0, 0.0, 0.98775, 0.156044, 0.05, 0.0, -0.156044, 0.98775, 0.0, 0.0, 0.0, 0.0, 1.0],
                [1.0, 0.0, 0.0, 0.0, 0.0, 0.948777, 0.315948, 0.05, 0.0, -0.315948, 0.948776, 0.0, 0.0, 0.0, 0.0, 1.0]
            ]
        },
        {
            "name": "Chest",
            "time": [0.0, 0.8333, 2.0],
            "transform": [
                [1.0, 0.0, -0.0, -0.0, -0.0, 0.723276, 0.690559, 0.3, 0.0, -0.690559, 0.723276, -0.0, 0.0, 0.0, 0.0, 1.0],
                [1.0, 0.0, -0.0, 0.0, -0.0, 0.564091, 0.825713, 0.3, 0.0, -0.825713, 0.564091, -0.0, 0.0, 0.0, 0.0, 1.0],
                [1.0, 0.0, -0.0, -0.0, -0.0, 0.723276, 0.690559, 0.3, 0.0, -0.690559, 0.723276, -0.0, 0.0, 0.0, 0.0, 1.0]
            ]
        },
        {
            "name": "Head",
            "time": [0.0, 2.0],
            "transform": [
                [1.0, -0.0, 0.0, -0.0, 0.0, 0.919648, -0.392743, 0.4, -0.0, 0.392743, 0.919649, 0.0, 0.0, 0.0, 0.0, 1.0],
                [1.0, -0.0, 0.0, -0.0, 0.0, 0.919648, -0.392743, 0.4, -0.0, 0.392743, 0.919649, 0.0, 0.0, 0.0, 0.0, 1.0]
            ]
        },
        {
            "name": "Shoulder_R",
            "time": [0.0, 2.0],
            "transform": [
                [0.0, 0.95212, 0.305742, 0.0, -1e-06, -0.305744, 0.952112, 0.4, 1.0, -1e-06, 1e-06, 0.0, 0.0, 0.0, 0.0, 1.0],
                [0.0, 0.95212, 0.305742, 0.0, -1e-06, -0.305744, 0.952112, 0.4, 1.0, -1e-06, 1e-06, 0.0, 0.0, 0.0, 0.0, 1.0]
            ]
        },
        {
            "name": "Arm_R",
            "time": [0.0, 2.0],
            "transform": [
                [0.856321, 0.175829, -0.485593, 0.0, 0.233168, 0.707347, 0.667304, 0.39386, 0.460813, -0.684651, 0.564718, -0.0, 0.0, 0.0, 0.0, 1.0],
                [0.856321, 0.175829, -0.485593, 0.0, 0.233168, 0.707347, 0.667304, 0.39386, 0.460813, -0.684651, 0.564718, -0.0, 0.0, 0.0, 0.0, 1.0]
            ]
        },
        {
            "name": "Hand_R",
            "time": [0.0, 2.0],
            "transform": [
                [-0.028933, -0.008958, 0.999544, 0.0, 0.945671, 0.323712, 0.030275, 0.3, -0.323834, 0.946118, -0.000895, 0.0, 0.0, 0.0, 0.0, 1.0],
                [-0.028933, -0.008958, 0.999544, 0.0, 0.945671, 0.323712, 0.030275, 0.3, -0.323834, 0.946118, -0.000895, 0.0, 0.0, 0.0, 0.0, 1.0]
            ]
        },
        {
            "name": "Tool_R",
            "time": [0.0, 2.0],
            "transform": [
                [0.999979, 0.0, 0.0, 0.0, 0.0, -0.99814, 0.017925, 0.272858, 0.0, -0.018091, -0.987662, -0.0, 0.0, 0.0, 0.0, 1.0],
                [0.999979, 0.0, 0.0, 0.0, 0.0, -0.99814, 0.017925, 0.272858, 0.0, -0.018091, -0.987662, -0.0, 0.0, 0.0, 0.0, 1.0]
            ]
        },
        {
            "name": "Elbow_R",
            "time": [0.0, 2.0],
            "transform": [
                [-0.999999, 0.0, -0.0, 0.0, 0.0, 0.0, -1.0, 0.3, -0.0, -0.999995, -0.0, -0.0, 0.0, 0.0, 0.0, 1.0],
                [-0.999999, 0.0, -0.0, 0.0, 0.0, 0.0, -1.0, 0.3, -0.0, -0.999995, -0.0, -0.0, 0.0, 0.0, 0.0, 1.0]
            ]
        },
        {
            "name": "Shoulder_L",
            "time": [0.0, 2.0],
            "transform": [
                [-2e-06, -0.952118, -0.305741, -0.0, 4e-06, -0.305741, 0.952116, 0.399999, -1.000004, 0.0, 4e-06, 0.0, 0.0, 0.0, 0.0, 1.0],
                [-2e-06, -0.952118, -0.305741, -0.0, 4e-06, -0.305741, 0.952116, 0.399999, -1.000004, 0.0, 4e-06, 0.0, 0.0, 0.0, 0.0, 1.0]
            ]
        },
        {
            "name": "Arm_L",
            "time": [0.0, 2.0],
            "transform": [
                [0.877478, -0.004042, 0.479593, -0.0, -0.341434, 0.696991, 0.630573, 0.39386, -0.336821, -0.717067, 0.610216, 0.0, 0.0, 0.0, 0.0, 1.0],
                [0.877478, -0.004042, 0.479593, -0.0, -0.341434, 0.696991, 0.630573, 0.39386, -0.336821, -0.717067, 0.610216, 0.0, 0.0, 0.0, 0.0, 1.0]
            ]
        },
        {
            "name": "Hand_L",
            "time": [0.0, 2.0],
            "transform": [
                [0.161134, -0.019774, -0.986736, 0.0, -0.965048, 0.206233, -0.161725, 0.3, 0.206695, 0.978307, 0.014148, 0.0, 0.0, 0.0, 0.0, 1.0],
                [0.161134, -0.019774, -0.986736, 0.0, -0.965048, 0.206233, -0.161725, 0.3, 0.206695, 0.978307, 0.014148, 0.0, 0.0, 0.0, 0.0, 1.0]
            ]
        },
        {
            "name": "Tool_L",
            "time": [0.0, 2.0],
            "transform": [
                [1.0, 0.0, 0.0, -0.0, 0.0, -0.999831, 0.018116, 0.272858, 0.0, -0.018122, -0.998896, 0.0, 0.0, 0.0, 0.0, 1.0],
                [1.0, 0.0, 0.0, -0.0, 0.0, -0.999831, 0.018116, 0.272858, 0.0, -0.018122, -0.998896, 0.0, 0.0, 0.0, 0.0, 1.0]
            ]
        },
        {
            "name": "Elbow_L",
            "time": [0.0, 2.0],
            "transform": [
                [-1.000001, 0.0, 1e-06, -0.0, -1e-06, 0.0, -1.0, 0.3, -0.0, -1.0, -0.0, 0.0, 0.0, 0.0, 0.0, 1.0],
                [-1.000001, 0.0, 1e-06, -0.0, -1e-06, 0.0, -1.0, 0.3, -0.0, -1.0, -0.0, 0.0, 0.0, 0.0, 0.0, 1.0]
            ]
        }
    ]
}