{
    "animation": [
        {
            "name": "Root",
            "time": [0.0, 0.05, 0.1, 0.1667, 0.3333, 0.4167, 0.6, 1.1],
            "transform": [
                [1.0, 0.0, 0.0, 1.7e-05, 0.0, 0.0, -1.0, 0.000905, 0.0, 1.0, 0.0, 1.223167, 0.0, 0.0, 0.0, 1.0],
                [1.0, 0.0, 0.0, 1.7e-05, 0.0, 0.0, -1.0, 0.000905, 0.0, 1.0, 0.0, 1.223167, 0.0, 0.0, 0.0, 1.0],
                [1.0, 0.0, 0.0, 1.7e-05, 0.0, 0.0, -1.0, 0.000905, 0.0, 1.0, 0.0, 1.223167, 0.0, 0.0, 0.0, 1.0],
                [1.0, 0.0, 0.0, 1.7e-05, 0.0, 0.0, -1.0, 0.000905, 0.0, 1.0, 0.0, 1.223167, 0.0, 0.0, 0.0, 1.0],
                [1.0, 0.0, 0.0, 1.7e-05, 0.0, 0.51972, -0.854337, 0.861829, 0.0, 0.854337, 0.51972, 0.431465, 0.0, 0.0, 0.0, 1.0],
                [1.0, 0.0, 0.0, 1.7e-05, 0.0, 0.51972, -0.854337, 0.861829, 0.0, 0.854337, 0.51972, 0.356877, 0.0, 0.0, 0.0, 1.0],
                [1.0, 0.0, 0.0, 1.7e-05, 0.0, 0.51972, -0.854337, 0.861829, 0.0, 0.854337, 0.51972, 0.351904, 0.0, 0.0, 0.0, 1.0],
                [1.0, 0.0, 0.0, 1.7e-05, 0.0, 0.0, -1.0, 0.861829, 0.0, 1.0, 0.0, 0.658965, 0.0, 0.0, 0.0, 1.0]
            ]
        },
        {
            "name": "Thigh_R",
            "time": [0.0, 0.05, 0.1, 0.1667, 0.3333, 0.4167, 0.6, 0.85, 0.9667, 1.1],
            "transform": [
                [0.991451, -0.07834, 0.104346, 0.124994, -0.099723, -0.970665, 0.218774, -0.002831, 0.084146, -0.227309, -0.970181, -1.2e-05, 0.0, 0.0, 0.0, 1.0],
                [0.991451, -0.07834, 0.104346, 0.124994, -0.076615, -0.996849, -0.020451, -0.002831, 0.10562, 0.012282, -0.994331, -1.2e-05, 0.0, 0.0, 0.0, 1.0],
                [0.991451, -0.07834, 0.104346, 0.124994, -0.057228, -0.979758, -0.191821, -0.002831, 0.117261, 0.184209, -0.975868, -1.2e-05, 0.0, 0.0, 0.0, 1.0],
                [0.991451, -0.07834, 0.104346, 0.124994, -0.049028, -0.96477, -0.258481, -0.002831, 0.12092, 0.251154, -0.960365, -1.2e-05, 0.0, 0.0, 0.0, 1.0],
                [0.991451, 0.111967, 0.066997, 0.124994, -0.099723, 0.319096, 0.942462, -0.002831, 0.084146, -0.941083, 0.327534, -1.2e-05, 0.0, 0.0, 0.0, 1.0],
                [0.991652, 0.121005, 0.044535, 0.124994, -0.101222, 0.516609, 0.850216, -0.002831, 0.079874, -0.847627, 0.524545, -1.2e-05, 0.0, 0.0, 0.0, 1.0],
                [0.991669, 0.121429, 0.042977, 0.124994, -0.101288, 0.52897, 0.842573, -0.002831, 0.079579, -0.839908, 0.536863, -1.2e-05, 0.0, 0.0, 0.0, 1.0],
                [0.880264, 0.392895, 0.266024, 0.124994, -0.229162, -0.138895, 0.963428, -0.002831, 0.415475, -0.909034, -0.032228, -1.2e-05, 0.0, 0.0, 0.0, 1.0],
                [0.907186, 0.420021, 0.024412, 0.124994, 0.141817, -0.359901, 0.92215, -0.002831, 0.396108, -0.833099, -0.386064, -1.2e-05, 0.0, 0.0, 0.0, 1.0],
                [0.626254, 0.315686, 0.712845, 0.124994, 0.406465, -0.912455, 0.046995, -0.002831, 0.665276, 0.260315, -0.699746, -1.2e-05, 0.0, 0.0, 0.0, 1.0]
            ]
        },
        {
            "name": "Leg_R",
            "time": [0.0, 0.05, 0.1, 0.1667, 0.3333, 0.4167, 0.6, 0.85, 0.9667, 1.1],
            "transform": [
                [1.0, 0.0, 1e-06, -0.0, -0.0, 0.921708, 0.387895, 0.37472, -1e-06, -0.387899, 0.921698, 0.0, 0.0, 0.0, 0.0, 1.0],
                [1.0, 0.0, 1e-06, 0.0, -0.0, 0.921708, 0.387895, 0.37472, -1e-06, -0.387899, 0.921698, 0.0, 0.0, 0.0, 0.0, 1.0],
                [1.0, 0.0, 1e-06, -0.0, -0.0, 0.921708, 0.387895, 0.37472, -1e-06, -0.387899, 0.921698, 0.0, 0.0, 0.0, 0.0, 1.0],
                [1.0, 0.0, 1e-06, 0.0, -0.0, 0.921708, 0.387895, 0.37472, -1e-06, -0.387899, 0.921698, -0.0, 0.0, 0.0, 0.0, 1.0],
                [1.0, -1e-06, 1e-06, -0.0, -0.0, 0.12515, 0.992133, 0.37472, -1e-06, -0.992144, 0.125149, -0.0, 0.0, 0.0, 0.0, 1.0],
                [0.999995, -0.003157, -0.000349, 0.0, -1.9e-05, -0.115628, 0.993298, 0.37472, -0.003177, -0.993284, -0.115629, 0.0, 0.0, 0.0, 0.0, 1.0],
                [0.999994, -0.003363, -0.000399, 0.0, -4.7e-05, -0.131557, 0.991315, 0.37472, -0.003386, -0.991299, -0.131558, 0.0, 0.0, 0.0, 0.0, 1.0],
                [0.985835, -0.1659, -0.024686, 0.0, 0.074725, 0.302653, 0.950167, 0.37472, -0.150161, -0.938552, 0.310762, -0.0, 0.0, 0.0, 0.0, 1.0],
                [0.992575, -0.060643, -0.105441, 0.0, 0.082265, -0.303848, 0.949161, 0.37472, -0.089598, -0.950792, -0.296601, 0.0, 0.0, 0.0, 0.0, 1.0],
                [1.0, 0.0, 1e-06, 0.0, -0.0, 0.921708, 0.387895, 0.37472, -1e-06, -0.387899, 0.921698, -0.0, 0.0, 0.0, 0.0, 1.0]
            ]
        },
        {
            "name": "Knee_R",
            "time": [0.0, 0.05, 0.1, 0.1667, 0.3333, 0.4167, 0.6, 1.1],
            "transform": [
                [1.0, 0.0, -0.0, -0.0, -0.0, 0.0, -1.0, 0.37472, -0.0, 1.0, 0.0, 0.0, 0.0, 0.0, 0.0, 1.0],
                [1.0, 0.0, -0.0, 0.0, -0.0, 0.0, -1.0, 0.37472, -0.0, 1.0, 0.0, 0.0, 0.0, 0.0, 0.0, 1.0],
                [1.0, 0.0, -0.0, -0.0, -0.0, 0.0, -1.0, 0.37472, -0.0, 1.0, 0.0, 0.0, 0.0, 0.0, 0.0, 1.0],
                [1.0, 0.0, -0.0, 0.0, -0.0, 0.0, -1.0, 0.37472, -0.0, 1.0, 0.0, -0.0, 0.0, 0.0, 0.0, 1.0],
                [1.0, 0.0, -0.0, -0.0, -0.0, 0.0, -1.0, 0.37472, -0.0, 1.0, 0.0, -0.0, 0.0, 0.0, 0.0, 1.0],
                [1.0, 0.0, -0.0, 0.0, -0.0, 0.0, -1.0, 0.37472, -0.0, 1.0, 0.0, 0.0, 0.0, 0.0, 0.0, 1.0],
                [1.0, 0.0, -0.0, 0.0, -0.0, 0.0, -1.0, 0.37472, -0.0, 1.0, 0.0, 0.0, 0.0, 0.0, 0.0, 1.0],
                [1.0, 0.0, -0.0, 0.0, -0.0, 0.0, -1.0, 0.37472, -0.0, 1.0, 0.0, -0.0, 0.0, 0.0, 0.0, 1.0]
            ]
        },
        {
            "name": "Thigh_L",
            "time": [0.0, 0.05, 0.1, 0.1667, 0.3333, 0.4167, 0.6, 0.7333, 0.85, 1.1],
            "transform": [
                [0.960577, 0.079461, -0.266416, -0.125006, 0.066575, -0.996148, -0.057068, -0.002831, -0.269924, 0.037081, -0.962167, -1.2e-05, 0.0, 0.0, 0.0, 1.0],
                [0.960577, 0.079461, -0.266416, -0.125006, 0.020575, -0.975975, -0.216909, -0.002831, -0.277251, 0.202876, -0.939134, -1.2e-05, 0.0, 0.0, 0.0, 1.0],
                [0.960577, 0.07946, -0.266416, -0.125006, -0.012751, -0.944684, -0.327734, -0.002831, -0.277721, 0.318211, -0.906429, -1.2e-05, 0.0, 0.0, 0.0, 1.0],
                [0.960577, 0.079461, -0.266416, -0.125006, -0.026004, -0.928404, -0.370661, -0.002831, -0.276794, 0.362976, -0.889738, -1.2e-05, 0.0, 0.0, 0.0, 1.0],
                [0.955597, 0.018769, -0.294076, -0.125006, 0.031992, -0.998679, 0.04022, -0.002831, -0.292933, -0.047843, -0.954935, -1.2e-05, 0.0, 0.0, 0.0, 1.0],
                [0.958414, -0.000455, -0.28538, -0.125006, 0.014388, -0.99865, 0.049913, -0.002831, -0.285018, -0.051944, -0.957114, -1.2e-05, 0.0, 0.0, 0.0, 1.0],
                [0.958587, -0.001735, -0.284793, -0.125006, 0.013212, -0.998634, 0.050553, -0.002831, -0.284492, -0.052222, -0.957255, -1.2e-05, 0.0, 0.0, 0.0, 1.0],
                [0.93891, -0.292765, -0.180933, -0.125006, -0.002106, -0.530598, 0.847621, -0.002831, -0.344157, -0.795458, -0.4988, -1.2e-05, 0.0, 0.0, 0.0, 1.0],
                [0.935755, -0.321717, -0.144436, -0.125006, 0.082504, -0.198487, 0.976625, -0.002831, -0.342865, -0.925798, -0.159192, -1.2e-05, 0.0, 0.0, 0.0, 1.0],
                [0.962645, -0.166666, -0.213394, -0.125006, -0.0, -0.78811, 0.615534, -0.002831, -0.270767, -0.592541, -0.75867, -1.2e-05, 0.0, 0.0, 0.0, 1.0]
            ]
        },
        {
            "name": "Leg_L",
            "time": [0.0, 0.05, 0.1, 0.1667, 0.3333, 0.4167, 0.6, 0.7333, 0.85, 1.1],
            "transform": [
                [1.0, 0.0, 1e-06, 0.0, -1e-06, 0.781431, 0.623992, 0.37472, -1e-06, -0.623992, 0.781431, -0.0, 0.0, 0.0, 0.0, 1.0],
                [1.0, 0.0, 1e-06, 0.0, -1e-06, 0.781431, 0.623992, 0.37472, -1e-06, -0.623992, 0.781431, -0.0, 0.0, 0.0, 0.0, 1.0],
                [1.0, 0.0, 1e-06, -0.0, -1e-06, 0.781431, 0.623992, 0.37472, -1e-06, -0.623992, 0.781431, 0.0, 0.0, 0.0, 0.0, 1.0],
                [1.0, 0.0, 1e-06, 0.0, -1e-06, 0.781431, 0.623992, 0.37472, -1e-06, -0.623992, 0.781431, -0.0, 0.0, 0.0, 0.0, 1.0],
                [0.998867, 0.046505, 0.010137, -0.0, -0.03979, 0.69902, 0.713996, 0.37472, 0.026118, -0.71359, 0.700078, 0.0, 0.0, 0.0, 0.0, 1.0],
                [0.998738, 0.044519, 0.023262, 0.0, -0.042848, 0.513437, 0.857058, 0.37472, 0.026212, -0.856972, 0.514697, 0.0, 0.0, 0.0, 0.0, 1.0],
                [0.998728, 0.044278, 0.024113, -0.0, -0.04305, 0.499969, 0.864973, 0.37472, 0.026244, -0.864911, 0.50124, -0.0, 0.0, 0.0, 0.0, 1.0],
                [0.990334, 0.055642, 0.127048, 0.0, -0.071313, -0.581376, 0.810505, 0.37472, 0.11896, -0.811731, -0.571789, 0.0, 0.0, 0.0, 0.0, 1.0],
                [0.988807, 0.116209, 0.093566, -0.0, -0.106037, 0.106231, 0.988671, 0.37472, 0.104953, -0.987528, 0.117365, 0.0, 0.0, 0.0, 0.0, 1.0],
                [1.0, 0.0, 1e-06, 0.0, -1e-06, 0.781431, 0.623992, 0.37472, -1e-06, -0.623992, 0.781431, 0.0, 0.0, 0.0, 0.0, 1.0]
            ]
        },
        {
            "name": "Knee_L",
            "time": [0.0, 0.05, 0.1, 0.1667, 0.3333, 0.4167, 0.6, 1.1],
            "transform": [
                [1.0, 0.0, -0.0, 0.0, -0.0, 0.0, -1.0, 0.37472, -0.0, 1.0, 0.0, -0.0, 0.0, 0.0, 0.0, 1.0],
                [1.0, 0.0, -0.0, 0.0, -0.0, 0.0, -1.0, 0.37472, -0.0, 1.0, 0.0, -0.0, 0.0, 0.0, 0.0, 1.0],
                [1.0, 0.0, -0.0, -0.0, -0.0, 0.0, -1.0, 0.37472, -0.0, 1.0, 0.0, 0.0, 0.0, 0.0, 0.0, 1.0],
                [1.0, 0.0, -0.0, 0.0, -0.0, 0.0, -1.0, 0.37472, -0.0, 1.0, 0.0, -0.0, 0.0, 0.0, 0.0, 1.0],
                [1.0, 0.0, -0.0, -0.0, -0.0, 0.0, -1.0, 0.37472, -0.0, 1.0, 0.0, 0.0, 0.0, 0.0, 0.0, 1.0],
                [1.0, 0.0, -0.0, 0.0, -0.0, 0.0, -1.0, 0.37472, -0.0, 1.0, 0.0, 0.0, 0.0, 0.0, 0.0, 1.0],
                [1.0, 0.0, -0.0, -0.0, -0.0, 0.0, -1.0, 0.37472, -0.0, 1.0, 0.0, -0.0, 0.0, 0.0, 0.0, 1.0],
                [1.0, 0.0, -0.0, 0.0, -0.0, 0.0, -1.0, 0.37472, -0.0, 1.0, 0.0, 0.0, 0.0, 0.0, 0.0, 1.0]
            ]
        },
        {
            "name": "Torso",
            "time": [0.0, 0.05, 0.1, 0.1667, 0.3333, 0.4167, 0.6, 1.1],
            "transform": [
                [1.0, 0.0, 0.0, 0.0, 0.0, 0.998916, -0.046559, 0.05, 0.0, 0.046559, 0.998915, 0.0, 0.0, 0.0, 0.0, 1.0],
                [1.0, 0.0, 0.0, 0.0, 0.0, 0.998916, -0.046559, 0.05, 0.0, 0.046559, 0.998915, 0.0, 0.0, 0.0, 0.0, 1.0],
                [1.0, 0.0, 0.0, 0.0, 0.0, 0.998916, -0.046559, 0.05, 0.0, 0.046559, 0.998915, 0.0, 0.0, 0.0, 0.0, 1.0],
                [1.0, 0.0, 0.0, 0.0, 0.0, 0.998916, -0.046559, 0.05, 0.0, 0.046559, 0.998915, 0.0, 0.0, 0.0, 0.0, 1.0],
                [1.0, 0.0, 0.0, 0.0, 0.0, 0.998916, -0.046559, 0.05, 0.0, 0.046559, 0.998915, 0.0, 0.0, 0.0, 0.0, 1.0],
                [1.0, 0.0, 0.0, 0.0, 0.0, 0.998109, 0.061471, 0.05, 0.0, -0.061471, 0.998109, 0.0, 0.0, 0.0, 0.0, 1.0],
                [1.0, 0.0, 0.0, 0.0, 0.0, 0.997641, 0.068658, 0.05, 0.0, -0.068658, 0.99764, 0.0, 0.0, 0.0, 0.0, 1.0],
                [1.0, 0.0, 0.0, 0.0, 0.0, 0.948777, 0.315948, 0.05, 0.0, -0.315948, 0.948776, 0.0, 0.0, 0.0, 0.0, 1.0]
            ]
        },
        {
            "name": "Chest",
            "time": [0.0, 0.05, 0.1, 0.1667, 0.3333, 0.4167, 0.6, 1.1],
            "transform": [
                [1.0, -0.0, -0.0, 0.0, -0.0, 0.910719, -0.413027, 0.3, 0.0, 0.413027, 0.910719, -0.0, 0.0, 0.0, 0.0, 1.0],
                [1.0, -0.0, -0.0, 0.0, -0.0, 0.886868, -0.462025, 0.3, 0.0, 0.462025, 0.886867, -0.0, 0.0, 0.0, 0.0, 1.0],
                [1.0, -0.0, -0.0, 0.0, -0.0, 0.868211, -0.496195, 0.3, 0.0, 0.496195, 0.868211, -0.0, 0.0, 0.0, 0.0, 1.0],
                [1.0, -0.0, -0.0, 0.0, -0.0, 0.860382, -0.50965, 0.3, 0.0, 0.50965, 0.860382, -0.0, 0.0, 0.0, 0.0, 1.0],
                [1.0, 0.0, -0.0, 0.0, -0.0, 0.772981, 0.634429, 0.3, 0.0, -0.634429, 0.772981, -0.0, 0.0, 0.0, 0.0, 1.0],
                [1.0, 0.0, -0.0, 0.0, -0.0, 0.739721, 0.672914, 0.3, 0.0, -0.672914, 0.739721, 0.0, 0.0, 0.0, 0.0, 1.0],
                [1.0, 0.0, -0.0, 0.0, -0.0, 0.737435, 0.675419, 0.3, 0.0, -0.675419, 0.737435, -0.0, 0.0, 0.0, 0.0, 1.0],
                [1.0, 0.0, -0.0, -0.0, -0.0, 0.723276, 0.690559, 0.3, 0.0, -0.690559, 0.723276, -0.0, 0.0, 0.0, 0.0, 1.0]
            ]
        },
        {
            "name": "Head",
            "time": [0.0, 0.05, 0.1, 0.1667, 0.3333, 0.4167, 0.6, 1.1],
            "transform": [
                [1.0, -0.0, 0.0, -0.0, 0.0, 0.990686, 0.136166, 0.4, -0.0, -0.136166, 0.990686, 0.0, 0.0, 0.0, 0.0, 1.0],
                [1.0, -0.0, 0.0, -0.0, 0.0, 0.990686, 0.136166, 0.4, -0.0, -0.136166, 0.990686, 0.0, 0.0, 0.0, 0.0, 1.0],
                [1.0, -0.0, 0.0, -0.0, 0.0, 0.990686, 0.136166, 0.4, -0.0, -0.136166, 0.990686, 0.0, 0.0, 0.0, 0.0, 1.0],
                [1.0, -0.0, 0.0, -0.0, 0.0, 0.990686, 0.136166, 0.4, -0.0, -0.136166, 0.990686, 0.0, 0.0, 0.0, 0.0, 1.0],
                [1.0, -0.0, 0.0, -0.0, 0.0, 0.990686, 0.136166, 0.4, -0.0, -0.136166, 0.990686, 0.0, 0.0, 0.0, 0.0, 1.0],
                [1.0, -0.0, 0.0, -0.0, 0.0, 0.962135, 0.272572, 0.4, -0.0, -0.272572, 0.962136, 0.0, 0.0, 0.0, 0.0, 1.0],
                [1.0, -0.0, 0.0, -0.0, 0.0, 0.959561, 0.281499, 0.4, -0.0, -0.281499, 0.959562, 0.0, 0.0, 0.0, 0.0, 1.0],
                [1.0, -0.0, 0.0, -0.0, 0.0, 0.919648, -0.392743, 0.4, -0.0, 0.392743, 0.919649, 0.0, 0.0, 0.0, 0.0, 1.0]
            ]
        },
        {
            "name": "Shoulder_R",
            "time": [0.0, 0.05, 0.1, 0.1667, 0.3333, 0.4167, 0.6, 1.1],
            "transform": [
                [0.0, 0.95212, 0.305742, 0.0, -1e-06, -0.305744, 0.952112, 0.4, 1.0, -1e-06, 1e-06, 0.0, 0.0, 0.0, 0.0, 1.0],
                [0.0, 0.95212, 0.305742, 0.0, -1e-06, -0.305744, 0.952112, 0.4, 1.0, -1e-06, 1e-06, 0.0, 0.0, 0.0, 0.0, 1.0],
                [0.0, 0.95212, 0.305742, 0.0, -1e-06, -0.305744, 0.952112, 0.4, 1.0, -1e-06, 1e-06, 0.0, 0.0, 0.0, 0.0, 1.0],
                [0.0, 0.95212, 0.305742, 0.0, -1e-06, -0.305744, 0.952112, 0.4, 1.0, -1e-06, 1e-06, 0.0, 0.0, 0.0, 0.0, 1.0],
                [0.163835, 0.980156, -0.111638, 0.0, 0.035022, 0.107317, 0.993606, 0.4, 0.985866, -0.166699, -0.016745, 0.0, 0.0, 0.0, 0.0, 1.0],
                [0.163835, 0.980156, -0.111638, 0.0, 0.035022, 0.107317, 0.993606, 0.4, 0.985866, -0.166699, -0.016745, 0.0, 0.0, 0.0, 0.0, 1.0],
                [0.163835, 0.980156, -0.111638, 0.0, 0.035022, 0.107317, 0.993606, 0.4, 0.985866, -0.166699, -0.016745, 0.0, 0.0, 0.0, 0.0, 1.0],
                [0.0, 0.95212, 0.305742, 0.0, -1e-06, -0.305744, 0.952112, 0.4, 1.0, -1e-06, 1e-06, 0.0, 0.0, 0.0, 0.0, 1.0]
            ]
        },
        {
            "name": "Arm_R",
            "time": [0.0, 0.05, 0.1, 0.1667, 0.3333, 0.4167, 0.6, 1.1],
            "transform": [
                [0.057989, 0.056739, 0.996705, 0.0, 0.966598, -0.252865, -0.041842, 0.39386, 0.249657, 0.965838, -0.069507, 0.0, 0.0, 0.0, 0.0, 1.0],
                [0.052513, 0.146797, 0.987773, 0.0, 0.968131, -0.250041, -0.014309, 0.39386, 0.244883, 0.957044, -0.155249, -0.0, 0.0, 0.0, 0.0, 1.0],
                [0.048333, 0.21045, 0.97641, 0.0, 0.96913, -0.2465, 0.005157, 0.39386, 0.241771, 0.946019, -0.215867, 0.0, 0.0, 0.0, 0.0, 1.0],
                [0.046605, 0.235649, 0.970721, -0.0, 0.969506, -0.244735, 0.012864, 0.39386, 0.2406, 0.94052, -0.239868, 0.0, 0.0, 0.0, 0.0, 1.0],
                [0.144179, -0.971647, -0.187398, -0.0, 0.989017, 0.147723, -0.005008, 0.39386, 0.032549, -0.184618, 0.982273, -0.0, 0.0, 0.0, 0.0, 1.0],
                [0.095082, -0.85092, -0.51662, -0.0, 0.995342, 0.089617, 0.035581, 0.39386, 0.016022, -0.517596, 0.855476, 0.0, 0.0, 0.0, 0.0, 1.0],
                [0.092067, -0.838777, -0.536637, -0.0, 0.995651, 0.085292, 0.037503, 0.39386, 0.014313, -0.537755, 0.842981, 0.0, 0.0, 0.0, 0.0, 1.0],
                [0.856321, 0.175829, -0.485593, -0.0, 0.233168, 0.707347, 0.667304, 0.39386, 0.460813, -0.684651, 0.564718, -0.0, 0.0, 0.0, 0.0, 1.0]
            ]
        },
        {
            "name": "Hand_R",
            "time": [0.0, 0.05, 0.1, 0.1667, 0.3333, 0.4167, 0.6, 1.1],
            "transform": [
                [0.994081, 1e-06, 0.108641, 0.0, -0.011946, 0.993941, 0.109298, 0.3, -0.107982, -0.10995, 0.988057, 0.0, 0.0, 0.0, 0.0, 1.0],
                [0.993278, 0.007038, 0.11554, 0.0, -0.005812, 0.999927, -0.010944, 0.3, -0.115607, 0.010199, 0.993246, 0.0, 0.0, 0.0, 0.0, 1.0],
                [0.992704, 0.012554, 0.119923, 0.0, -0.000885, 0.995302, -0.096861, 0.300001, -0.120575, 0.096048, 0.98805, 0.0, 0.0, 0.0, 0.0, 1.0],
                [0.992476, 0.014858, 0.121537, 0.0, 0.001199, 0.991388, -0.130984, 0.300001, -0.122435, 0.130145, 0.98391, -0.0, 0.0, 0.0, 0.0, 1.0],
                [0.992475, 0.014858, 0.121537, 0.0, 0.001199, 0.991388, -0.130984, 0.300001, -0.122435, 0.130145, 0.98391, 0.0, 0.0, 0.0, 0.0, 1.0],
                [0.99165, 0.089731, 0.092622, 0.0, -0.010264, 0.770869, -0.636917, 0.3, -0.12855, 0.630648, 0.765352, -0.0, 0.0, 0.0, 0.0, 1.0],
                [0.991564, 0.093936, 0.089314, 0.0, -0.010874, 0.746908, -0.664843, 0.300001, -0.129161, 0.658264, 0.741628, 0.0, 0.0, 0.0, 0.0, 1.0],
                [-0.028933, -0.008958, 0.999544, 0.0, 0.945671, 0.323712, 0.030275, 0.3, -0.323834, 0.946118, -0.000895, -0.0, 0.0, 0.0, 0.0, 1.0]
            ]
        },
        {
            "name": "Tool_R",
            "time": [0.0, 0.05, 0.1, 0.1667, 0.3333, 0.4167, 0.6, 1.1],
            "transform": [
                [0.999979, 0.0, 0.0, 0.0, 0.0, -0.99814, 0.017925, 0.272858, 0.0, -0.018091, -0.987662, 0.0, 0.0, 0.0, 0.0, 1.0],
                [0.999979, 0.0, 0.0, 0.0, 0.0, -0.99814, 0.017925, 0.272858, 0.0, -0.018091, -0.987662, 0.0, 0.0, 0.0, 0.0, 1.0],
                [0.999979, 0.0, 0.0, 0.0, -0.0, -0.99814, 0.017925, 0.272858, 0.0, -0.018091, -0.987662, -0.0, 0.0, 0.0, 0.0, 1.0],
                [0.999979, 0.0, 0.0, -0.0, 0.0, -0.99814, 0.017925, 0.272858, 0.0, -0.018091, -0.987662, 0.0, 0.0, 0.0, 0.0, 1.0],
                [0.99992, 0.010321, 0.003113, 0.0, 0.010687, -0.901338, -0.425118, 0.272858, -0.0016, 0.428469, -0.891944, -0.0, 0.0, 0.0, 0.0, 1.0],
                [0.99992, 0.010321, 0.003113, 0.0, 0.010687, -0.901338, -0.425118, 0.272858, -0.0016, 0.428469, -0.891943, -0.0, 0.0, 0.0, 0.0, 1.0],
                [0.99992, 0.010321, 0.003113, -0.0, 0.010687, -0.901338, -0.425118, 0.272858, -0.0016, 0.428469, -0.891944, -0.0, 0.0, 0.0, 0.0, 1.0],
                [0.999979, 0.0, 0.0, 0.0, 0.0, -0.99814, 0.017925, 0.272858, 0.0, -0.018091, -0.987662, -0.0, 0.0, 0.0, 0.0, 1.0]
            ]
        },
        {
            "name": "Elbow_R",
            "time": [0.0, 0.05, 0.1, 0.1667, 0.3333, 0.4167, 0.6, 1.1],
            "transform": [
                [-0.999999, 0.0, -0.0, 0.0, 0.0, -0.0, -1.0, 0.3, -0.0, -0.999995, 0.0, -0.0, 0.0, 0.0, 0.0, 1.0],
                [-0.999999, 0.0, -0.0, 0.0, 0.0, 0.0, -1.0, 0.3, -0.0, -0.999995, 0.0, -0.0, 0.0, 0.0, 0.0, 1.0],
                [-0.999999, 0.0, -0.0, 0.0, 0.0, 0.0, -1.0, 0.3, -0.0, -0.999995, -0.0, 0.0, 0.0, 0.0, 0.0, 1.0],
                [-0.999999, 0.0, -0.0, 0.0, 0.0, 0.0, -1.0, 0.3, -0.0, -0.999995, -0.0, -0.0, 0.0, 0.0, 0.0, 1.0],
                [-0.999999, 0.0, -0.0, 0.0, 0.0, 0.0, -1.0, 0.3, -0.0, -0.999995, 0.0, -0.0, 0.0, 0.0, 0.0, 1.0],
                [-0.999999, 0.0, -0.0, 0.0, 0.0, 0.0, -1.0, 0.3, -0.0, -0.999995, -0.0, -0.0, 0.0, 0.0, 0.0, 1.0],
                [-0.999999, 0.0, -0.0, 0.0, 0.0, 0.0, -1.0, 0.3, -0.0, -0.999995, -0.0, 0.0, 0.0, 0.0, 0.0, 1.0],
                [-0.999999, 0.0, -0.0, 0.0, 0.0, 0.0, -1.0, 0.3, -0.0, -0.999995, -0.0, -0.0, 0.0, 0.0, 0.0, 1.0]
            ]
        },
        {
            "name": "Shoulder_L",
            "time": [0.0, 0.05, 0.1, 0.1667, 0.3333, 0.4167, 0.6, 1.1],
            "transform": [
                [-2e-06, -0.952118, -0.305741, 0.0, 4e-06, -0.305741, 0.952117, 0.399999, -1.000004, 0.0, 4e-06, -0.0, 0.0, 0.0, 0.0, 1.0],
                [-2e-06, -0.952118, -0.305741, 0.0, 4e-06, -0.305741, 0.952116, 0.399999, -1.000003, 0.0, 4e-06, -0.0, 0.0, 0.0, 0.0, 1.0],
                [-2e-06, -0.952118, -0.305741, 0.0, 4e-06, -0.305741, 0.952117, 0.399999, -1.000003, 0.0, 4e-06, 0.0, 0.0, 0.0, 0.0, 1.0],
                [-2e-06, -0.952118, -0.305741, -0.0, 4e-06, -0.305741, 0.952117, 0.399999, -1.000004, 0.0, 4e-06, 0.0, 0.0, 0.0, 0.0, 1.0],
                [0.191708, -0.962948, 0.189702, -0.0, -0.048987, 0.183658, 0.981771, 0.399999, -0.980232, -0.197506, -0.011963, -0.0, 0.0, 0.0, 0.0, 1.0],
                [0.191708, -0.962948, 0.189702, 0.0, -0.048987, 0.183658, 0.981771, 0.399999, -0.980232, -0.197506, -0.011963, 0.0, 0.0, 0.0, 0.0, 1.0],
                [0.191708, -0.962948, 0.189702, -0.0, -0.048987, 0.183658, 0.981771, 0.399999, -0.980232, -0.197506, -0.011963, -0.0, 0.0, 0.0, 0.0, 1.0],
                [-2e-06, -0.952118, -0.305741, -0.0, 4e-06, -0.305741, 0.952116, 0.399999, -1.000004, 0.0, 4e-06, -0.0, 0.0, 0.0, 0.0, 1.0]
            ]
        },
        {
            "name": "Arm_L",
            "time": [0.0, 0.05, 0.1, 0.1667, 0.3333, 0.4167, 0.6, 1.1],
            "transform": [
                [-0.064802, -0.056007, -0.996323, 0.0, -0.95419, -0.288764, 0.078295, 0.39386, -0.292087, 0.95576, -0.034729, 0.0, 0.0, 0.0, 0.0, 1.0],
                [-0.084092, -0.113502, -0.989971, 0.0, -0.954673, -0.275494, 0.11268, 0.39386, -0.28552, 0.954578, -0.08519, -0.0, 0.0, 0.0, 0.0, 1.0],
                [-0.098065, -0.154198, -0.98316, -0.0, -0.954558, -0.264793, 0.136742, 0.39386, -0.281419, 0.951896, -0.121225, -0.0, 0.0, 0.0, 0.0, 1.0],
                [-0.103688, -0.17036, -0.97991, -0.0, -0.954404, -0.260236, 0.146232, 0.39386, -0.27992, 0.950397, -0.135609, -0.0, 0.0, 0.0, 0.0, 1.0],
                [0.109018, 0.958239, 0.26437, -0.0, -0.982471, 0.063417, 0.175282, 0.39386, 0.151196, -0.278845, 0.948357, 0.0, 0.0, 0.0, 0.0, 1.0],
                [0.100483, 0.835116, 0.540817, -0.0, -0.978811, -0.01449, 0.204237, 0.39386, 0.178398, -0.549882, 0.815966, 0.0, 0.0, 0.0, 0.0, 1.0],
                [0.100216, 0.823997, 0.557659, 0.0, -0.978496, -0.019926, 0.205288, 0.39386, 0.180269, -0.566243, 0.804282, -0.0, 0.0, 0.0, 0.0, 1.0],
                [0.877478, -0.004042, 0.479593, -0.0, -0.341434, 0.696991, 0.630573, 0.39386, -0.336821, -0.717067, 0.610216, -0.0, 0.0, 0.0, 0.0, 1.0]
            ]
        },
        {
            "name": "Hand_L",
            "time": [0.0, 0.05, 0.1, 0.1667, 0.3333, 0.4167, 0.6, 1.1],
            "transform": [
                [1.000002, -0.0, -0.0, 0.0, 0.0, 0.993941, 0.109947, 0.300001, 0.0, -0.109948, 0.993939, -0.0, 0.0, 0.0, 0.0, 1.0],
                [0.999888, 0.014055, -0.005498, 0.0, -0.014217, 0.999437, -0.030515, 0.3, 0.005066, 0.03059, 0.999521, 0.0, 0.0, 0.0, 0.0, 1.0],
                [0.999668, 0.023559, -0.01061, -0.0, -0.024744, 0.991122, -0.130664, 0.3, 0.007437, 0.130883, 0.991372, 0.0, 0.0, 0.0, 0.0, 1.0],
                [0.999549, 0.027197, -0.012911, 0.0, -0.029, 0.984973, -0.17028, 0.300001, 0.008086, 0.170578, 0.985313, 0.0, 0.0, 0.0, 0.0, 1.0],
                [0.999549, 0.027197, -0.012911, 0.0, -0.029, 0.984973, -0.17028, 0.3, 0.008086, 0.170578, 0.985313, 0.0, 0.0, 0.0, 0.0, 1.0],
                [0.99944, 0.013365, 0.030729, -0.0, 0.008448, 0.786909, -0.617016, 0.3, -0.032427, 0.61693, 0.786353, -0.0, 0.0, 0.0, 0.0, 1.0],
                [0.999344, 0.013231, 0.033776, -0.0, 0.01156, 0.766402, -0.642262, 0.3, -0.034384, 0.642231, 0.765743, -0.0, 0.0, 0.0, 0.0, 1.0],
                [0.161134, -0.019774, -0.986736, 0.0, -0.965048, 0.206233, -0.161725, 0.3, 0.206695, 0.978307, 0.014148, 0.0, 0.0, 0.0, 0.0, 1.0]
            ]
        },
        {
            "name": "Tool_L",
            "time": [0.0, 0.05, 0.1, 0.1667, 0.3333, 0.4167, 0.6, 1.1],
            "transform": [
                [1.0, 0.0, 0.0, -0.0, 0.0, -0.999831, 0.018116, 0.272858, 0.0, -0.018122, -0.998896, -0.0, 0.0, 0.0, 0.0, 1.0],
                [1.0, 0.0, 0.0, -0.0, 0.0, -0.999831, 0.018116, 0.272858, 0.0, -0.018122, -0.998896, -0.0, 0.0, 0.0, 0.0, 1.0],
                [1.0, 0.0, 0.0, -0.0, 0.0, -0.999831, 0.018116, 0.272858, 0.0, -0.018122, -0.998896, -0.0, 0.0, 0.0, 0.0, 1.0],
                [1.0, 0.0, 0.0, -0.0, 0.0, -0.999831, 0.018116, 0.272858, 0.0, -0.018122, -0.998896, 0.0, 0.0, 0.0, 0.0, 1.0],
                [0.999149, -0.01953, 0.036319, -0.0, -0.005928, -0.939638, -0.341993, 0.272858, 0.040795, 0.341381, -0.93808, -0.0, 0.0, 0.0, 0.0, 1.0],
                [0.999149, -0.01953, 0.036319, -0.0, -0.005928, -0.939638, -0.341993, 0.272858, 0.040795, 0.341381, -0.93808, -0.0, 0.0, 0.0, 0.0, 1.0],
                [0.999149, -0.01953, 0.036319, -0.0, -0.005928, -0.939638, -0.341993, 0.272858, 0.040795, 0.341381, -0.93808, -0.0, 0.0, 0.0, 0.0, 1.0],
                [1.0, 0.0, 0.0, -0.0, 0.0, -0.999831, 0.018116, 0.272858, 0.0, -0.018122, -0.998896, 0.0, 0.0, 0.0, 0.0, 1.0]
            ]
        },
        {
            "name": "Elbow_L",
            "time": [0.0, 0.05, 0.1, 0.1667, 0.3333, 0.4167, 0.6, 1.1],
            "transform": [
                [-1.000001, 0.0, 1e-06, -0.0, -1e-06, -0.0, -1.0, 0.3, -0.0, -1.0, -0.0, 0.0, 0.0, 0.0, 0.0, 1.0],
                [-1.000001, 0.0, 1e-06, -0.0, -1e-06, 0.0, -1.0, 0.3, -0.0, -1.0, -0.0, -0.0, 0.0, 0.0, 0.0, 1.0],
                [-1.000001, 0.0, 1e-06, -0.0, -1e-06, 0.0, -1.0, 0.3, -0.0, -1.0, -0.0, 0.0, 0.0, 0.0, 0.0, 1.0],
                [-1.000001, 0.0, 1e-06, -0.0, -1e-06, 0.0, -1.0, 0.3, -0.0, -1.0, -0.0, 0.0, 0.0, 0.0, 0.0, 1.0],
                [-1.000001, 0.0, 1e-06, -0.0, -1e-06, 0.0, -1.0, 0.3, -0.0, -1.0, -0.0, 0.0, 0.0, 0.0, 0.0, 1.0],
                [-1.000001, 0.0, 1e-06, -0.0, -1e-06, 0.0, -1.0, 0.3, -0.0, -1.0, -0.0, -0.0, 0.0, 0.0, 0.0, 1.0],
                [-1.000001, 0.0, 1e-06, -0.0, -1e-06, 0.0, -1.0, 0.3, -0.0, -1.0, -0.0, -0.0, 0.0, 0.0, 0.0, 1.0],
                [-1.000001, 0.0, 1e-06, -0.0, -1e-06, 0.0, -1.0, 0.3, -0.0, -1.0, -0.0, 0.0, 0.0, 0.0, 0.0, 1.0]
            ]
        }
    ]
}