{
    "animation": [
        {
            "name": "Root",
            "time": [0.0, 0.1333, 0.25, 0.5, 0.7, 0.9333, 1.5, 2.5],
            "transform": [
                [0.997746, 0.061476, -0.026896, 1.7e-05, -0.063718, 0.742294, -0.667038, 0.000905, -0.021042, 0.667248, 0.744538, 0.56874, 0.0, 0.0, 0.0, 1.0],
                [0.32331, 0.867368, -0.378343, 1.7e-05, -0.71801, -0.035573, -0.695123, 0.814501, -0.616386, 0.496394, 0.611278, 0.56874, 0.0, 0.0, 0.0, 1.0],
                [-0.811432, 0.190872, -0.5524, -0.22678, -0.54889, -0.57352, 0.608107, 1.332118, -0.200742, 0.796644, 0.570141, 0.530088, 0.0, 0.0, 0.0, 1.0],
                [0.277376, -0.709448, 0.647878, 0.18158, 0.940255, 0.339028, -0.031305, 1.584235, -0.19744, 0.617854, 0.7611, 0.780817, 0.0, 0.0, 0.0, 1.0],
                [0.593354, -0.556922, 0.581179, 0.152974, 0.796347, 0.511374, -0.322998, 1.656047, -0.117315, 0.654472, 0.746929, 0.710125, 0.0, 0.0, 0.0, 1.0],
                [0.917452, -0.248662, 0.310561, 0.095761, 0.396476, 0.636167, -0.661889, 1.79967, -0.032982, 0.730382, 0.682242, 0.56874, 0.0, 0.0, 0.0, 1.0],
                [0.929846, -0.228189, 0.288646, 0.095761, 0.366754, 0.637966, -0.67712, 1.79967, -0.029634, 0.735479, 0.676899, 0.456322, 0.0, 0.0, 0.0, 1.0],
                [1.0, 0.0, 0.0, 0.095761, 0.0, 0.0, -1.0, 1.79967, 0.0, 1.0, 0.0, 0.658965, 0.0, 0.0, 0.0, 1.0]
            ]
        },
        {
            "name": "Thigh_R",
            "time": [0.0, 0.0333, 0.0667, 0.1, 0.1333, 0.1833, 0.25, 0.45, 0.4833, 0.5, 0.7, 0.8, 0.9333, 1.5, 2.0, 2.2667, 2.5],
            "transform": [
                [0.808601, 0.282326, -0.516193, 0.124994, 0.507229, 0.110061, 0.854754, -0.002831, 0.298132, -0.952983, -0.054208, -1.2e-05, 0.0, 0.0, 0.0, 1.0],
                [0.748208, 0.39063, -0.536274, 0.124994, 0.50561, 0.187643, 0.842108, -0.002831, 0.429581, -0.901219, -0.05711, -1.2e-05, 0.0, 0.0, 0.0, 1.0],
                [0.599354, 0.592797, -0.537928, 0.124994, 0.518261, 0.224783, 0.825153, -0.002831, 0.610065, -0.773346, -0.172499, -1.2e-05, 0.0, 0.0, 0.0, 1.0],
                [0.33267, 0.793376, -0.50979, 0.124994, 0.548689, 0.276822, 0.788867, -0.002831, 0.766989, -0.542149, -0.343226, -1.2e-05, 0.0, 0.0, 0.0, 1.0],
                [0.020804, 0.972754, -0.230903, 0.124994, 0.50635, 0.188891, 0.841386, -0.002831, 0.862077, -0.134422, -0.488624, -1.2e-05, 0.0, 0.0, 0.0, 1.0],
                [0.149993, 0.980177, -0.12944, 0.124994, 0.502457, 0.037183, 0.863802, -0.002831, 0.851492, -0.194602, -0.486919, -1.2e-05, 0.0, 0.0, 0.0, 1.0],
                [0.618465, 0.755008, -0.217854, 0.124994, 0.258017, 0.066753, 0.96383, -0.002831, 0.742242, -0.652306, -0.153521, -1.2e-05, 0.0, 0.0, 0.0, 1.0],
                [0.532286, 0.544424, -0.648284, 0.124994, -0.370676, 0.838356, 0.399694, -0.002831, 0.761097, 0.027552, 0.648051, -1.2e-05, 0.0, 0.0, 0.0, 1.0],
                [0.657169, 0.254785, -0.709374, 0.124994, -0.154496, 0.966686, 0.204077, -0.002831, 0.737738, -0.024518, 0.67464, -1.2e-05, 0.0, 0.0, 0.0, 1.0],
                [0.680081, 0.091054, -0.72746, 0.124994, -0.020305, 0.994216, 0.10546, -0.002831, 0.732854, -0.05695, 0.677997, -1.2e-05, 0.0, 0.0, 0.0, 1.0],
                [0.620187, 0.358327, -0.697831, 0.124994, -0.475768, 0.879105, 0.028577, -0.002831, 0.623707, 0.314283, 0.715691, -1.2e-05, 0.0, 0.0, 0.0, 1.0],
                [0.731808, 0.618962, 0.285202, 0.124994, -0.397307, 0.047462, 0.916457, -0.00283, 0.553716, -0.783984, 0.280651, -1.2e-05, 0.0, 0.0, 0.0, 1.0],
                [0.830517, 0.506851, 0.230954, 0.124994, -0.344402, 0.141426, 0.928107, -0.00283, 0.437749, -0.850352, 0.292018, -1.2e-05, 0.0, 0.0, 0.0, 1.0],
                [0.809426, 0.570434, 0.139404, 0.124994, -0.426435, 0.407786, 0.80738, -0.00283, 0.403711, -0.712962, 0.573325, -1.2e-05, 0.0, 0.0, 0.0, 1.0],
                [0.87579, 0.073191, 0.477112, 0.124994, -0.450942, -0.228508, 0.862806, -0.002831, 0.172173, -0.970787, -0.16712, -1.2e-05, 0.0, 0.0, 0.0, 1.0],
                [0.845582, 0.472187, 0.249056, 0.124994, -0.137809, -0.25765, 0.95636, -0.002831, 0.515751, -0.843004, -0.152793, -1.2e-05, 0.0, 0.0, 0.0, 1.0],
                [0.626254, 0.315686, 0.712845, 0.124994, 0.406465, -0.912455, 0.046995, -0.002831, 0.665276, 0.260315, -0.699746, -1.2e-05, 0.0, 0.0, 0.0, 1.0]
            ]
        },
        {
            "name": "Leg_R",
            "time": [0.0, 0.0333, 0.0667, 0.1, 0.1333, 0.1833, 0.25, 0.5, 0.7, 0.9333, 1.5, 2.0, 2.2667, 2.5],
            "transform": [
                [0.985796, 0.084178, 0.145325, -0.0, -0.161327, 0.715141, 0.68011, 0.37472, -0.046677, -0.693894, 0.718564, -0.0, 0.0, 0.0, 0.0, 1.0],
                [0.990879, 0.031676, 0.13098, -0.0, -0.128972, 0.50462, 0.853654, 0.37472, -0.039055, -0.862761, 0.504103, 0.0, 0.0, 0.0, 0.0, 1.0],
                [0.993209, 0.035834, 0.110689, -0.0, -0.116083, 0.369112, 0.922107, 0.37472, -0.007814, -0.928695, 0.370765, -0.0, 0.0, 0.0, 0.0, 1.0],
                [0.995338, 0.075913, 0.059486, -0.0, -0.094364, 0.639179, 0.763247, 0.37472, 0.019919, -0.765302, 0.643363, -0.0, 0.0, 0.0, 0.0, 1.0],
                [0.999823, 0.001193, 0.018727, -0.0, -0.001302, 0.999982, 0.005827, 0.37472, -0.01872, -0.00585, 0.999807, -0.0, 0.0, 0.0, 0.0, 1.0],
                [0.995881, -0.003494, 0.090587, 0.0, 0.003296, 0.999992, 0.002328, 0.37472, -0.090594, -0.00202, 0.995885, 0.0, 0.0, 0.0, 0.0, 1.0],
                [0.958126, -0.001782, 0.286338, -0.0, 7.7e-05, 0.999983, 0.005966, 0.37472, -0.286343, -0.005694, 0.958111, -0.0, 0.0, 0.0, 0.0, 1.0],
                [0.99924, 0.036611, 0.013352, 0.0, -0.038172, 0.988509, 0.146265, 0.37472, -0.007844, -0.146664, 0.989155, -0.0, 0.0, 0.0, 0.0, 1.0],
                [0.998593, 0.046984, -0.024563, 0.0, -0.049566, 0.991769, -0.118061, 0.37472, 0.018814, 0.119113, 0.992702, -0.0, 0.0, 0.0, 0.0, 1.0],
                [0.999155, 0.022702, 0.034264, -0.0, -0.040819, 0.645813, 0.762404, 0.37472, -0.00482, -0.763158, 0.646194, -0.0, 0.0, 0.0, 0.0, 1.0],
                [0.998771, 0.025939, 0.042212, -0.0, -0.047967, 0.292959, 0.954921, 0.37472, 0.012403, -0.955774, 0.293844, -0.0, 0.0, 0.0, 0.0, 1.0],
                [0.965962, 0.217005, 0.140809, 0.0, -0.258131, 0.772951, 0.579581, 0.37472, 0.016934, -0.5962, 0.802657, 0.0, 0.0, 0.0, 0.0, 1.0],
                [0.907961, 0.252357, 0.33455, 0.0, -0.2715, -0.253878, 0.928353, 0.37472, 0.31921, -0.933734, -0.161997, -0.0, 0.0, 0.0, 0.0, 1.0],
                [1.0, 0.0, 1e-06, -0.0, -0.0, 0.921708, 0.387895, 0.37472, -1e-06, -0.387899, 0.921698, 0.0, 0.0, 0.0, 0.0, 1.0]
            ]
        },
        {
            "name": "Knee_R",
            "time": [0.0, 0.1333, 0.25, 0.4, 0.5, 0.7, 0.9333, 1.5, 2.5],
            "transform": [
                [1.0, 0.0, -0.0, -0.0, -0.0, 0.0, -1.0, 0.37472, -0.0, 1.0, 0.0, -0.0, 0.0, 0.0, 0.0, 1.0],
                [1.0, 0.0, -1e-06, -0.0, -1e-06, 0.0, -1.0, 0.37472, -0.0, 1.0, 0.0, -0.0, 0.0, 0.0, 0.0, 1.0],
                [1.0, 0.0, -0.0, -0.0, -0.0, 0.0, -1.0, 0.37472, -0.0, 1.0, 0.0, -0.0, 0.0, 0.0, 0.0, 1.0],
                [1.0, 0.0, -0.0, -0.0, -0.0, 0.0, -1.0, 0.37472, -0.0, 1.0, 0.0, 0.0, 0.0, 0.0, 0.0, 1.0],
                [1.0, 0.0, -0.0, 0.0, -0.0, 0.0, -1.0, 0.37472, -0.0, 1.0, 0.0, -0.0, 0.0, 0.0, 0.0, 1.0],
                [1.0, 0.0, -0.0, 0.0, -0.0, 0.0, -1.0, 0.37472, -0.0, 1.0, 0.0, -0.0, 0.0, 0.0, 0.0, 1.0],
                [1.0, 0.0, -0.0, -0.0, -0.0, 0.0, -1.0, 0.37472, -0.0, 1.0, 0.0, -0.0, 0.0, 0.0, 0.0, 1.0],
                [1.0, 0.0, -0.0, -0.0, -0.0, 0.0, -1.0, 0.37472, -0.0, 1.0, 0.0, -0.0, 0.0, 0.0, 0.0, 1.0],
                [1.0, 0.0, -0.0, -0.0, -0.0, 0.0, -1.0, 0.37472, -0.0, 1.0, 0.0, 0.0, 0.0, 0.0, 0.0, 1.0]
            ]
        },
        {
            "name": "Thigh_L",
            "time": [0.0, 0.05, 0.1333, 0.2333, 0.25, 0.3, 0.3667, 0.4167, 0.4667, 0.4833, 0.5, 0.5833, 0.65, 0.7, 0.9333, 1.5, 1.7667, 2.0, 2.5],
            "transform": [
                [0.604223, -0.741803, -0.290937, -0.124988, 0.509334, 0.078769, 0.856958, -0.002738, -0.612776, -0.665977, 0.425419, -8e-06, 0.0, 0.0, 0.0, 1.0],
                [0.881964, -0.468603, 0.050506, -0.117473, 0.003117, 0.112954, 0.993596, 0.018544, -0.471307, -0.876158, 0.101082, -0.036399, 0.0, 0.0, 0.0, 1.0],
                [0.988161, 0.076567, -0.132953, -0.104946, 0.126518, 0.083535, 0.98844, 0.054014, 0.086788, -0.993558, 0.072859, -0.09705, 0.0, 0.0, 0.0, 1.0],
                [0.956086, -0.074936, -0.283344, -0.107644, 0.293086, 0.242224, 0.924892, 0.046371, -0.000675, -0.967321, 0.253549, -0.084003, 0.0, 0.0, 0.0, 1.0],
                [0.962345, -0.183868, -0.200206, -0.108149, 0.23255, 0.175523, 0.956614, 0.044938, -0.140749, -0.967152, 0.211673, -0.081556, 0.0, 0.0, 0.0, 1.0],
                [0.929925, -0.194017, -0.312403, -0.109666, 0.295745, -0.110345, 0.948872, 0.040639, -0.218569, -0.974772, -0.045233, -0.074218, 0.0, 0.0, 0.0, 1.0],
                [0.900438, -0.149969, -0.408315, -0.111764, 0.368148, -0.237235, 0.898992, 0.034694, -0.231688, -0.959807, -0.158404, -0.06407, 0.0, 0.0, 0.0, 1.0],
                [0.884338, -0.155458, -0.440201, -0.113163, 0.372073, -0.334813, 0.865714, 0.030731, -0.281967, -0.929372, -0.238246, -0.057305, 0.0, 0.0, 0.0, 1.0],
                [0.854769, -0.192321, -0.482059, -0.114841, 0.368131, -0.430063, 0.824333, 0.025975, -0.365852, -0.882076, -0.296806, -0.049186, 0.0, 0.0, 0.0, 1.0],
                [0.845302, -0.204203, -0.493729, -0.1154, 0.372766, -0.436618, 0.818787, 0.02439, -0.38277, -0.876166, -0.292953, -0.04648, 0.0, 0.0, 0.0, 1.0],
                [0.851215, -0.18183, -0.492311, -0.115959, 0.371737, -0.453279, 0.810154, 0.022805, -0.370464, -0.872626, -0.318245, -0.043774, 0.0, 0.0, 0.0, 1.0],
                [0.947785, -0.234579, -0.216042, -0.11714, 0.081332, -0.477243, 0.874998, 0.019461, -0.308361, -0.846882, -0.433245, -0.038066, 0.0, 0.0, 0.0, 1.0],
                [0.961919, -0.242268, -0.126548, -0.118319, -0.020594, -0.525915, 0.850289, 0.016118, -0.272551, -0.815304, -0.510877, -0.032358, 0.0, 0.0, 0.0, 1.0],
                [0.939417, -0.327133, -0.102371, -0.120437, -0.103735, -0.555971, 0.824702, 0.010117, -0.326703, -0.76412, -0.556224, -0.022115, 0.0, 0.0, 0.0, 1.0],
                [0.6417, -0.465977, -0.609167, -0.124672, -0.107027, -0.840901, 0.530498, -0.001883, -0.75945, -0.275223, -0.589479, -0.001629, 0.0, 0.0, 0.0, 1.0],
                [0.674136, -0.540161, -0.503753, -0.125006, -0.162174, -0.773637, 0.612524, -0.00283, -0.720584, -0.331229, -0.609137, -1.2e-05, 0.0, 0.0, 0.0, 1.0],
                [0.836838, -0.475184, 0.271849, -0.125006, -0.364776, -0.113717, 0.924125, -0.002831, -0.408216, -0.872507, -0.268499, -1.2e-05, 0.0, 0.0, 0.0, 1.0],
                [0.80655, -0.495791, -0.321975, -0.125006, 0.18071, -0.311802, 0.932805, -0.002831, -0.562868, -0.810538, -0.161889, -1.2e-05, 0.0, 0.0, 0.0, 1.0],
                [0.962645, -0.166666, -0.213394, -0.125006, -0.0, -0.78811, 0.615534, -0.002831, -0.270767, -0.592541, -0.75867, -1.2e-05, 0.0, 0.0, 0.0, 1.0]
            ]
        },
        {
            "name": "Leg_L",
            "time": [0.0, 0.1333, 0.2333, 0.25, 0.3, 0.3667, 0.4167, 0.4667, 0.4833, 0.5, 0.5833, 0.65, 0.7, 0.9333, 1.5, 1.7667, 2.0, 2.5],
            "transform": [
                [0.997278, -0.073609, -0.00436, 0.0, 0.026392, 0.301103, 0.953226, 0.37472, -0.068853, -0.950747, 0.302225, -0.0, 0.0, 0.0, 0.0, 1.0],
                [0.999973, -0.006965, 0.002541, 0.0, 0.001099, 0.478201, 0.87825, 0.37472, -0.007332, -0.878224, 0.478196, 0.0, 0.0, 0.0, 0.0, 1.0],
                [0.995818, 0.087948, 0.024751, -0.0, -0.010953, -0.154032, 0.988005, 0.37472, 0.090705, -0.984144, -0.152425, 0.0, 0.0, 0.0, 0.0, 1.0],
                [0.999824, -0.011726, 0.014669, 0.0, -0.016151, -0.13835, 0.990252, 0.37472, -0.009583, -0.990314, -0.138515, -0.0, 0.0, 0.0, 0.0, 1.0],
                [0.999774, 0.01925, -0.009131, -0.0, 0.008907, 0.011671, 0.999894, 0.374721, 0.019355, -0.999747, 0.011497, 0.0, 0.0, 0.0, 0.0, 1.0],
                [0.998747, 0.04816, -0.013542, 0.0, -0.00028, 0.276069, 0.961138, 0.37472, 0.050027, -0.95993, 0.275737, 0.0, 0.0, 0.0, 0.0, 1.0],
                [0.99911, 0.030331, -0.029315, -0.0, 0.008124, 0.543611, 0.839298, 0.37472, 0.041393, -0.838788, 0.542881, 0.0, 0.0, 0.0, 0.0, 1.0],
                [0.999481, 0.014418, -0.028824, 0.0, 0.005801, 0.799274, 0.600939, 0.37472, 0.031703, -0.600793, 0.798776, -0.0, 0.0, 0.0, 0.0, 1.0],
                [0.999477, 0.018033, -0.026864, 0.0, -0.00166, 0.85777, 0.514032, 0.37472, 0.032312, -0.513718, 0.857351, 0.0, 0.0, 0.0, 0.0, 1.0],
                [0.998977, 0.009801, -0.044153, -0.0, 0.009895, 0.905222, 0.424824, 0.37472, 0.044132, -0.424825, 0.9042, 0.0, 0.0, 0.0, 0.0, 1.0],
                [0.998995, -0.005469, -0.044506, -0.0, 0.027408, 0.860012, 0.509537, 0.37472, 0.035489, -0.510244, 0.859298, 0.0, 0.0, 0.0, 0.0, 1.0],
                [0.99831, -0.018007, -0.055236, -0.0, 0.04673, 0.813789, 0.579279, 0.37472, 0.03452, -0.580881, 0.813255, -0.0, 0.0, 0.0, 0.0, 1.0],
                [0.995703, 0.090284, -0.020614, -0.0, -0.05938, 0.79324, 0.606007, 0.37472, 0.071065, -0.602178, 0.795192, 0.0, 0.0, 0.0, 0.0, 1.0],
                [0.989762, 0.139172, 0.031692, 0.0, -0.114972, 0.645771, 0.754825, 0.37472, 0.084585, -0.750739, 0.655161, -0.0, 0.0, 0.0, 0.0, 1.0],
                [0.99857, -0.024591, -0.047455, -0.0, 0.05295, 0.334244, 0.940999, 0.37472, -0.007279, -0.942166, 0.335069, -0.0, 0.0, 0.0, 0.0, 1.0],
                [0.913658, 0.232441, 0.333468, -0.0, -0.22845, -0.384924, 0.894229, 0.37472, 0.336215, -0.893199, -0.298588, -0.0, 0.0, 0.0, 0.0, 1.0],
                [0.915195, 0.364884, 0.171106, -0.0, -0.306678, 0.355095, 0.883095, 0.37472, 0.261468, -0.860679, 0.436883, 0.0, 0.0, 0.0, 0.0, 1.0],
                [1.0, 0.0, 1e-06, -0.0, -1e-06, 0.781431, 0.623992, 0.37472, -1e-06, -0.623992, 0.781431, 0.0, 0.0, 0.0, 0.0, 1.0]
            ]
        },
        {
            "name": "Knee_L",
            "time": [0.0, 0.1333, 0.25, 0.4, 0.5, 0.7, 0.9333, 1.5, 2.5],
            "transform": [
                [1.0, 0.0, -0.0, 0.0, -0.0, 0.0, -1.0, 0.37472, -0.0, 1.0, 0.0, -0.0, 0.0, 0.0, 0.0, 1.0],
                [1.0, 0.0, -0.0, 0.0, -0.0, 0.0, -1.0, 0.37472, -0.0, 1.0, 0.0, 0.0, 0.0, 0.0, 0.0, 1.0],
                [1.0, 0.0, -0.0, 0.0, -0.0, 0.0, -1.0, 0.37472, -0.0, 1.0, 0.0, -0.0, 0.0, 0.0, 0.0, 1.0],
                [1.0, 0.0, -0.0, 0.0, -0.0, 0.0, -1.0, 0.37472, -0.0, 1.0, 0.0, -0.0, 0.0, 0.0, 0.0, 1.0],
                [1.0, 0.0, -0.0, -0.0, -0.0, 0.0, -1.0, 0.37472, -0.0, 1.0, 0.0, 0.0, 0.0, 0.0, 0.0, 1.0],
                [1.0, 0.0, -0.0, -0.0, -0.0, 0.0, -1.0, 0.37472, -0.0, 1.0, 0.0, 0.0, 0.0, 0.0, 0.0, 1.0],
                [1.0, 0.0, -0.0, 0.0, -0.0, 0.0, -1.0, 0.37472, -0.0, 1.0, 0.0, 0.0, 0.0, 0.0, 0.0, 1.0],
                [1.0, 0.0, -0.0, -0.0, -0.0, 0.0, -1.0, 0.37472, -0.0, 1.0, 0.0, -0.0, 0.0, 0.0, 0.0, 1.0],
                [1.0, 0.0, -0.0, -0.0, -0.0, 0.0, -1.0, 0.37472, -0.0, 1.0, 0.0, 0.0, 0.0, 0.0, 0.0, 1.0]
            ]
        },
        {
            "name": "Torso",
            "time": [0.0, 0.1333, 0.25, 0.4, 0.5, 0.7, 0.8, 0.9333, 1.5, 2.5],
            "transform": [
                [0.959379, -0.213975, -0.183864, -0.0, 0.120371, 0.899888, -0.41918, 0.05, 0.255151, 0.380021, 0.889091, -0.0, 0.0, 0.0, 0.0, 1.0],
                [0.960954, -0.110537, -0.253671, 0.0, 0.025007, 0.947687, -0.318221, 0.05, 0.275576, 0.299452, 0.913447, -0.0, 0.0, 0.0, 0.0, 1.0],
                [0.929067, -0.181025, -0.32259, -0.0, 0.026813, 0.902736, -0.429359, 0.05, 0.368939, 0.390253, 0.843556, 0.0, 0.0, 0.0, 0.0, 1.0],
                [0.925399, -0.166196, -0.340611, -0.0, -0.061177, 0.821433, -0.567015, 0.05, 0.374025, 0.545552, 0.749986, -0.0, 0.0, 0.0, 0.0, 1.0],
                [0.919582, -0.180096, -0.349191, 0.0, -0.062009, 0.811092, -0.581622, 0.05, 0.387974, 0.556503, 0.734698, -0.0, 0.0, 0.0, 0.0, 1.0],
                [0.977177, -0.020038, -0.211479, -0.0, -0.116953, 0.780326, -0.61434, 0.05, 0.177333, 0.625052, 0.760173, 0.0, 0.0, 0.0, 0.0, 1.0],
                [0.988153, 0.117767, -0.098411, 0.0, -0.153453, 0.748061, -0.645644, 0.05, -0.002418, 0.653097, 0.757271, -0.0, 0.0, 0.0, 0.0, 1.0],
                [0.954573, 0.294155, 0.047575, 0.0, -0.249966, 0.877403, -0.409489, 0.05, -0.162195, 0.378995, 0.911074, -0.0, 0.0, 0.0, 0.0, 1.0],
                [0.990581, 0.136663, -0.008521, -0.0, -0.132904, 0.944627, -0.300028, 0.05, -0.032953, 0.298334, 0.953892, -0.0, 0.0, 0.0, 0.0, 1.0],
                [1.0, 0.0, 0.0, 0.0, 0.0, 0.948777, 0.315948, 0.05, 0.0, -0.315948, 0.948776, 0.0, 0.0, 0.0, 0.0, 1.0]
            ]
        },
        {
            "name": "Chest",
            "time": [0.0, 0.1333, 0.25, 0.4, 0.5, 0.7, 0.8, 0.9333, 1.5, 2.5],
            "transform": [
                [0.652357, 0.345791, -0.674432, 0.0, 0.177777, 0.795217, 0.579677, 0.3, 0.736767, -0.498055, 0.457291, -0.0, 0.0, 0.0, 0.0, 1.0],
                [0.915897, -0.198384, -0.348966, 0.0, 0.336796, 0.852787, 0.399154, 0.3, 0.218408, -0.483114, 0.847879, 0.0, 0.0, 0.0, 0.0, 1.0],
                [0.6646, -0.033887, -0.74643, -0.0, 0.448285, 0.817295, 0.362036, 0.3, 0.597786, -0.575222, 0.558365, -0.0, 0.0, 0.0, 0.0, 1.0],
                [0.489095, -0.45946, -0.741406, -0.0, -0.147388, 0.794253, -0.58944, 0.3, 0.859688, 0.397566, 0.320746, 0.0, 0.0, 0.0, 0.0, 1.0],
                [0.517432, -0.504712, -0.691035, 0.0, -0.158468, 0.737061, -0.656985, 0.3, 0.840923, 0.449452, 0.301399, -0.0, 0.0, 0.0, 0.0, 1.0],
                [0.676531, -0.121124, -0.726384, 0.0, -0.005403, 0.985538, -0.16937, 0.3, 0.736394, 0.118509, 0.666093, 0.0, 0.0, 0.0, 0.0, 1.0],
                [0.815697, 0.167355, -0.553743, -0.0, 0.026032, 0.945649, 0.324145, 0.3, 0.577894, -0.278819, 0.767007, 0.0, 0.0, 0.0, 0.0, 1.0],
                [0.895366, 0.165997, -0.413237, -0.0, 0.195197, 0.687755, 0.699208, 0.3, 0.400272, -0.706709, 0.58339, 0.0, 0.0, 0.0, 0.0, 1.0],
                [0.878304, 0.316287, -0.35853, -0.0, 0.059521, 0.671733, 0.738398, 0.3, 0.474382, -0.669878, 0.571161, 0.0, 0.0, 0.0, 0.0, 1.0],
                [1.0, 0.0, -0.0, 0.0, -0.0, 0.723276, 0.690559, 0.3, 0.0, -0.690559, 0.723276, 0.0, 0.0, 0.0, 0.0, 1.0]
            ]
        },
        {
            "name": "Head",
            "time": [0.0, 0.1333, 0.25, 0.4, 0.5, 0.7, 0.8, 0.9333, 1.5, 2.5],
            "transform": [
                [0.786158, -0.267298, 0.557232, -0.0, 0.257881, 0.961266, 0.097283, 0.4, -0.561652, 0.06722, 0.824638, 0.0, 0.0, 0.0, 0.0, 1.0],
                [0.95074, 0.123612, 0.284278, -0.0, -0.106758, 0.99152, -0.074098, 0.4, -0.291027, 0.040099, 0.955874, 0.0, 0.0, 0.0, 0.0, 1.0],
                [0.971855, -0.138671, -0.190441, -0.0, 0.210714, 0.873177, 0.439501, 0.4, 0.105343, -0.46726, 0.877822, 0.0, 0.0, 0.0, 0.0, 1.0],
                [0.994941, -0.091273, -0.041968, -0.0, 0.024033, 0.621893, -0.782733, 0.4, 0.097542, 0.777765, 0.62094, 0.0, 0.0, 0.0, 0.0, 1.0],
                [0.998287, 0.012946, -0.057049, -0.0, -0.034651, 0.916576, -0.398356, 0.4, 0.047133, 0.399651, 0.915455, 0.0, 0.0, 0.0, 0.0, 1.0],
                [0.99976, -0.016151, -0.014823, -0.0, 0.009174, 0.922354, -0.386236, 0.4, 0.01991, 0.386007, 0.922281, 0.0, 0.0, 0.0, 0.0, 1.0],
                [0.999041, -0.039695, 0.018457, -0.0, 0.043721, 0.925897, -0.375237, 0.4, -0.002194, 0.375684, 0.926745, 0.0, 0.0, 0.0, 0.0, 1.0],
                [0.995724, -0.065564, -0.065084, -0.0, 0.012623, 0.794455, -0.607192, 0.4, 0.091516, 0.603773, 0.791885, 0.0, 0.0, 0.0, 0.0, 1.0],
                [0.988117, -0.020012, 0.152396, -0.0, 0.113968, 0.760663, -0.639064, 0.4, -0.103133, 0.648838, 0.753905, 0.0, 0.0, 0.0, 0.0, 1.0],
                [1.0, -0.0, 0.0, -0.0, 0.0, 0.919648, -0.392743, 0.4, -0.0, 0.392743, 0.919649, 0.0, 0.0, 0.0, 0.0, 1.0]
            ]
        },
        {
            "name": "Shoulder_R",
            "time": [0.0, 0.1333, 0.25, 0.4, 0.5, 0.7, 0.8, 0.9333, 1.5, 2.5],
            "transform": [
                [-0.458063, 0.674547, 0.578934, -0.0, -0.836238, -0.547872, -0.023291, 0.4, 0.301471, -0.494795, 0.815042, 0.0, 0.0, 0.0, 0.0, 1.0],
                [-0.225935, 0.92362, 0.309645, -0.0, -0.891495, -0.324172, 0.316465, 0.4, 0.392671, -0.204546, 0.896644, 0.0, 0.0, 0.0, 0.0, 1.0],
                [0.642394, 0.753642, 0.13912, -0.0, -0.655341, 0.446084, 0.609539, 0.4, 0.397314, -0.482735, 0.780454, 0.0, 0.0, 0.0, 0.0, 1.0],
                [0.38978, 0.909743, 0.142967, -0.0, -0.790379, 0.410151, -0.455057, 0.4, -0.472623, 0.064374, 0.87891, 0.0, 0.0, 0.0, 0.0, 1.0],
                [0.355186, 0.915994, 0.18654, 0.0, -0.76407, 0.399443, -0.506598, 0.4, -0.538553, 0.037407, 0.841761, 0.0, 0.0, 0.0, 0.0, 1.0],
                [0.677969, 0.659713, 0.324247, 0.0, -0.602212, 0.751414, -0.269661, 0.4, -0.421543, -0.012444, 0.906723, 0.0, 0.0, 0.0, 0.0, 1.0],
                [-0.268659, 0.907211, 0.323715, -0.0, -0.944794, -0.182743, -0.27197, 0.4, -0.187578, -0.378911, 0.906223, 0.0, 0.0, 0.0, 0.0, 1.0],
                [-0.324365, 0.910633, 0.255997, 0.0, -0.883198, -0.388466, 0.262783, 0.4, 0.338745, -0.140859, 0.930274, 0.0, 0.0, 0.0, 0.0, 1.0],
                [-0.345866, 0.89945, 0.267147, -0.0, -0.853073, -0.419996, 0.309628, 0.4, 0.390696, -0.120806, 0.912558, 0.0, 0.0, 0.0, 0.0, 1.0],
                [0.0, 0.95212, 0.305742, -0.0, -1e-06, -0.305744, 0.952112, 0.4, 1.0, -1e-06, 1e-06, 0.0, 0.0, 0.0, 0.0, 1.0]
            ]
        },
        {
            "name": "Arm_R",
            "time": [0.0, 0.1333, 0.2, 0.25, 0.2667, 0.4, 0.5, 0.7, 0.8, 0.8333, 0.8667, 0.8833, 0.9333, 1.5, 2.5],
            "transform": [
                [-0.293671, -0.27891, 0.914312, 0.0, -0.293929, 0.936495, 0.191268, 0.39386, -0.909595, -0.212573, -0.357001, -0.0, 0.0, 0.0, 0.0, 1.0],
                [-0.953461, 0.169087, 0.249644, 0.0, 0.196549, 0.976415, 0.089339, 0.39386, -0.22865, 0.134248, -0.964208, 0.0, 0.0, 0.0, 0.0, 1.0],
                [-0.733321, 0.228516, -0.640328, -0.0, 0.262124, 0.964038, 0.043848, 0.39386, 0.62732, -0.135691, -0.766849, 0.0, 0.0, 0.0, 0.0, 1.0],
                [-0.271549, -0.413056, -0.869279, -0.0, -0.140605, 0.910553, -0.388746, 0.39386, 0.952099, 0.016661, -0.305338, 0.0, 0.0, 0.0, 0.0, 1.0],
                [-0.160276, -0.65572, -0.737796, 0.0, 0.271046, 0.689489, -0.671668, 0.39386, 0.949129, -0.307629, 0.067222, -0.0, 0.0, 0.0, 0.0, 1.0],
                [0.271113, -0.390401, -0.879821, -0.0, 0.87064, 0.48925, 0.05119, 0.39386, 0.410468, -0.779885, 0.472541, -0.0, 0.0, 0.0, 0.0, 1.0],
                [0.241704, 0.074765, -0.967466, -0.0, 0.952825, 0.170346, 0.251211, 0.39386, 0.183585, -0.982544, -0.030065, 0.0, 0.0, 0.0, 0.0, 1.0],
                [-0.51705, -0.434088, -0.737718, -0.0, 0.75158, 0.182204, -0.633979, 0.39386, 0.409618, -0.882253, 0.232043, -0.0, 0.0, 0.0, 0.0, 1.0],
                [-0.946176, -0.199879, -0.254558, 0.0, 0.201303, 0.252436, -0.946442, 0.39386, 0.253433, -0.946745, -0.198612, 0.0, 0.0, 0.0, 0.0, 1.0],
                [-0.885276, 0.147361, -0.441104, -0.0, 0.205535, 0.974789, -0.086849, 0.39386, 0.417185, -0.167547, -0.893244, 0.0, 0.0, 0.0, 0.0, 1.0],
                [-0.787226, 0.375977, -0.48879, -0.0, 0.290041, 0.925238, 0.244564, 0.39386, 0.544198, 0.050759, -0.83742, 0.0, 0.0, 0.0, 0.0, 1.0],
                [-0.802758, 0.592251, -0.069415, 0.0, 0.529842, 0.761842, 0.372644, 0.39386, 0.273582, 0.262364, -0.925375, 0.0, 0.0, 0.0, 0.0, 1.0],
                [-0.674091, 0.704358, -0.222443, -0.0, 0.728422, 0.683836, -0.042065, 0.39386, 0.122486, -0.190389, -0.974038, 0.0, 0.0, 0.0, 0.0, 1.0],
                [-0.463809, 0.877576, -0.121419, -0.0, 0.882617, 0.44586, -0.148984, 0.39386, -0.076609, -0.176266, -0.981357, 0.0, 0.0, 0.0, 0.0, 1.0],
                [0.856321, 0.175829, -0.485593, -0.0, 0.233168, 0.707347, 0.667304, 0.39386, 0.460813, -0.684651, 0.564718, -0.0, 0.0, 0.0, 0.0, 1.0]
            ]
        },
        {
            "name": "Hand_R",
            "time": [0.0, 0.1333, 0.25, 0.3333, 0.4, 0.5, 0.7, 0.8, 0.8333, 0.9333, 1.5, 2.5],
            "transform": [
                [-0.146226, 0.493283, 0.857491, -0.0, 0.285725, 0.850925, -0.440781, 0.3, -0.94709, 0.180553, -0.265371, -0.0, 0.0, 0.0, 0.0, 1.0],
                [0.241515, 0.599535, 0.763039, -0.0, 0.009845, 0.784762, -0.619719, 0.300001, -0.970348, 0.157183, 0.183629, 0.0, 0.0, 0.0, 0.0, 1.0],
                [0.973044, 0.229752, 0.020028, -0.0, -0.17873, 0.806127, -0.564105, 0.3, -0.145749, 0.545319, 0.82546, 0.0, 0.0, 0.0, 0.0, 1.0],
                [0.998213, -0.022664, -0.055312, 0.0, 0.003896, 0.948029, -0.318159, 0.300001, 0.059648, 0.317375, 0.946423, 0.0, 0.0, 0.0, 0.0, 1.0],
                [0.982026, -0.00891, -0.188541, -0.0, -0.020675, 0.987797, -0.15437, 0.300001, 0.187615, 0.155494, 0.969857, 0.0, 0.0, 0.0, 0.0, 1.0],
                [1.000001, 0.0, -0.0, -0.0, -0.0, 0.895663, -0.444733, 0.3, -0.0, 0.444733, 0.895663, 0.0, 0.0, 0.0, 0.0, 1.0],
                [0.982322, 0.127945, 0.136655, -0.0, 0.07693, 0.389602, -0.917765, 0.300001, -0.170664, 0.912053, 0.372871, 0.0, 0.0, 0.0, 0.0, 1.0],
                [0.999618, 0.005611, 0.027102, 0.0, 0.005551, 0.918685, -0.394953, 0.300001, -0.027114, 0.394952, 0.918302, 0.0, 0.0, 0.0, 0.0, 1.0],
                [0.971379, 0.097108, 0.216784, 0.0, -0.039221, 0.965662, -0.256824, 0.3, -0.234279, 0.240971, 0.941832, -0.0, 0.0, 0.0, 0.0, 1.0],
                [-0.074956, -0.022615, 0.99693, -0.0, -0.062786, 0.997866, 0.017916, 0.300001, -0.995209, -0.06125, -0.076216, -0.0, 0.0, 0.0, 0.0, 1.0],
                [-0.110035, -0.065266, 0.991783, 0.0, -0.10928, 0.992587, 0.053195, 0.300001, -0.987903, -0.102529, -0.116351, -0.0, 0.0, 0.0, 0.0, 1.0],
                [-0.028933, -0.008958, 0.999544, 0.0, 0.945671, 0.323712, 0.030275, 0.3, -0.323834, 0.946118, -0.000895, 0.0, 0.0, 0.0, 0.0, 1.0]
            ]
        },
        {
            "name": "Tool_R",
            "time": [0.0, 0.25, 0.2667, 0.3, 0.3333, 0.5, 0.7, 0.8333, 0.9333, 1.5, 2.5],
            "transform": [
                [0.954132, 0.224047, -0.19865, 0.001989, 0.096709, -0.858447, -0.503696, 0.272719, -0.28301, 0.460744, -0.839604, -0.000633, 0.0, 0.0, 0.0, 1.0],
                [1.000015, 0.0, 0.0, -0.0, -0.0, -0.999836, 0.018122, 0.272858, 0.0, -0.018122, -0.998487, 0.0, 0.0, 0.0, 0.0, 1.0],
                [0.788228, -0.111608, 0.605184, -0.0, -0.011245, -0.985865, -0.167163, 0.272858, 0.614483, 0.124767, -0.777284, 0.0, 0.0, 0.0, 0.0, 1.0],
                [0.709482, -7e-06, 0.704724, 0.0, -0.012781, -0.999836, 0.012857, 0.272858, 0.703688, -0.018129, -0.708398, 0.0, 0.0, 0.0, 0.0, 1.0],
                [0.848027, -6e-06, 0.529966, 0.0, -0.009611, -0.999836, 0.015368, 0.272858, 0.529186, -0.018126, -0.846731, 0.0, 0.0, 0.0, 0.0, 1.0],
                [1.000015, 0.0, 0.0, -0.0, 0.0, -0.999836, 0.018122, 0.272858, 0.0, -0.018122, -0.998487, -0.0, 0.0, 0.0, 0.0, 1.0],
                [0.887162, 0.196042, -0.417768, 0.0, -0.092933, -0.810846, -0.577826, 0.272858, -0.451436, 0.550693, -0.700191, -0.0, 0.0, 0.0, 0.0, 1.0],
                [0.986645, 0.08459, 0.139304, -0.0, 0.155551, -0.743876, -0.649955, 0.272858, 0.048585, 0.66204, -0.746096, 0.0, 0.0, 0.0, 0.0, 1.0],
                [1.000015, -0.0, 0.0, 0.0, -0.0, -0.733992, -0.679148, 0.272858, 0.0, 0.678234, -0.733018, -0.0, 0.0, 0.0, 0.0, 1.0],
                [1.000006, -0.0, 0.0, 0.0, -0.0, -0.686688, -0.724773, 0.272858, 0.0, 0.725402, -0.684264, -0.0, 0.0, 0.0, 0.0, 1.0],
                [0.999979, 0.0, 0.0, -0.0, 0.0, -0.99814, 0.017925, 0.272858, 0.0, -0.018091, -0.987662, -0.0, 0.0, 0.0, 0.0, 1.0]
            ]
        },
        {
            "name": "Elbow_R",
            "time": [0.0, 0.1333, 0.25, 0.4, 0.5, 0.7, 0.9333, 1.5, 2.5],
            "transform": [
                [-1.0, 0.0, -0.0, 0.0, 0.0, 0.0, -1.0, 0.3, -0.0, -1.0, 0.0, -0.0, 0.0, 0.0, 0.0, 1.0],
                [-1.0, 0.0, -0.0, 0.0, 0.0, 0.0, -1.0, 0.3, -0.0, -1.0, 0.0, -0.0, 0.0, 0.0, 0.0, 1.0],
                [-1.0, 0.0, -0.0, 0.0, 0.0, 0.0, -1.0, 0.3, -0.0, -1.0, 0.0, -0.0, 0.0, 0.0, 0.0, 1.0],
                [-1.0, 0.0, -0.0, 0.0, 0.0, 0.0, -1.0, 0.3, -0.0, -1.0, 0.0, 0.0, 0.0, 0.0, 0.0, 1.0],
                [-1.0, 0.0, -0.0, 0.0, 0.0, 0.0, -1.0, 0.3, -0.0, -1.0, 0.0, 0.0, 0.0, 0.0, 0.0, 1.0],
                [-1.0, 0.0, -0.0, 0.0, 0.0, -0.0, -1.0, 0.3, -0.0, -1.0, 0.0, -0.0, 0.0, 0.0, 0.0, 1.0],
                [-1.0, 0.0, -0.0, 0.0, 0.0, 0.0, -1.0, 0.3, -0.0, -1.0, 0.0, -0.0, 0.0, 0.0, 0.0, 1.0],
                [-1.0, 0.0, -0.0, 0.0, 0.0, 0.0, -1.0, 0.3, -0.0, -1.0, 0.0, -0.0, 0.0, 0.0, 0.0, 1.0],
                [-0.999999, 0.0, -0.0, 1e-06, 0.0, 0.0, -1.0, 0.3, -0.0, -0.999995, -0.0, -0.0, 0.0, 0.0, 0.0, 1.0]
            ]
        },
        {
            "name": "Shoulder_L",
            "time": [0.0, 0.1333, 0.25, 0.4, 0.5, 0.7, 0.8, 0.9333, 1.5, 2.5],
            "transform": [
                [0.126506, -0.991424, -0.032796, 0.0, -0.122852, -0.048466, 0.991241, 0.399999, -0.984329, -0.121369, -0.127929, -0.0, 0.0, 0.0, 0.0, 1.0],
                [0.344223, -0.907427, -0.241014, -0.0, 0.097832, -0.220639, 0.970437, 0.399999, -0.933777, -0.357625, 0.012827, 0.0, 0.0, 0.0, 0.0, 1.0],
                [0.709839, -0.655353, -0.258149, -0.0, 0.136657, -0.231399, 0.963213, 0.399999, -0.69098, -0.719004, -0.074697, -0.0, 0.0, 0.0, 0.0, 1.0],
                [0.309985, -0.939749, 0.144157, -0.0, 0.814396, 0.340699, 0.46977, 0.399999, -0.49058, -0.028221, 0.87094, -0.0, 0.0, 0.0, 0.0, 1.0],
                [0.32475, -0.9232, 0.205522, -0.0, 0.822074, 0.382975, 0.421337, 0.399999, -0.467688, 0.032124, 0.88331, -0.0, 0.0, 0.0, 0.0, 1.0],
                [0.688949, -0.612371, 0.387752, -0.0, 0.3718, 0.757806, 0.536185, 0.399999, -0.622185, -0.225238, 0.74977, -0.0, 0.0, 0.0, 0.0, 1.0],
                [0.238504, -0.905009, -0.352242, -0.0, 0.480481, -0.205239, 0.852651, 0.399999, -0.843951, -0.372607, 0.38589, 0.0, 0.0, 0.0, 0.0, 1.0],
                [0.080256, -0.90203, -0.424147, 0.0, 0.020924, -0.423902, 0.905467, 0.399999, -0.996555, -0.081544, -0.015147, -0.0, 0.0, 0.0, 0.0, 1.0],
                [0.069445, -0.892605, -0.445461, -0.0, -0.035281, -0.448457, 0.893108, 0.399999, -0.996962, -0.046306, -0.062635, 0.0, 0.0, 0.0, 0.0, 1.0],
                [-2e-06, -0.952118, -0.305741, -0.0, 4e-06, -0.305741, 0.952116, 0.399999, -1.000004, 0.0, 4e-06, 0.0, 0.0, 0.0, 0.0, 1.0]
            ]
        },
        {
            "name": "Arm_L",
            "time": [0.0, 0.1333, 0.25, 0.4, 0.5, 0.7, 0.8, 0.8333, 0.8667, 0.8833, 0.9333, 1.5, 2.5],
            "transform": [
                [0.338054, 0.398533, 0.852579, -0.0, -0.80141, 0.596858, 0.038768, 0.39386, -0.493418, -0.69637, 0.521158, -0.0, 0.0, 0.0, 0.0, 1.0],
                [0.146446, 0.908138, 0.392224, -0.0, -0.977247, 0.194316, -0.085032, 0.39386, -0.153436, -0.370847, 0.915931, 0.0, 0.0, 0.0, 0.0, 1.0],
                [0.225822, 0.94754, 0.226212, 0.0, -0.797704, 0.046572, 0.601249, 0.39386, 0.559172, -0.316226, 0.766373, 0.0, 0.0, 0.0, 0.0, 1.0],
                [-0.179753, 0.927113, 0.328862, -0.0, -0.946204, -0.254385, 0.199965, 0.39386, 0.269048, -0.275226, 0.922964, 0.0, 0.0, 0.0, 0.0, 1.0],
                [0.11094, 0.66706, 0.736697, 0.0, -0.981434, -0.043167, 0.186882, 0.39386, 0.156463, -0.743752, 0.649886, 0.0, 0.0, 0.0, 0.0, 1.0],
                [0.103934, 0.984812, 0.13908, 0.0, -0.85765, 0.159552, -0.488855, 0.39386, -0.503621, -0.068473, 0.861206, 0.0, 0.0, 0.0, 0.0, 1.0],
                [0.023098, 0.96944, 0.244239, 0.0, -0.488196, 0.224132, -0.843462, 0.39386, -0.872428, -0.099755, 0.478454, -0.0, 0.0, 0.0, 0.0, 1.0],
                [0.13493, 0.033248, 0.990297, 0.0, -0.121942, 0.992396, -0.016703, 0.39386, -0.983323, -0.118505, 0.137959, 0.0, 0.0, 0.0, 0.0, 1.0],
                [0.269396, -0.104337, 0.957361, 0.0, -0.032991, 0.99253, 0.117453, 0.39386, -0.962465, -0.063226, 0.263941, 0.0, 0.0, 0.0, 0.0, 1.0],
                [0.054555, -0.451056, 0.890827, -0.0, -0.323385, 0.836089, 0.443145, 0.39386, -0.944694, -0.312255, -0.100252, -0.0, 0.0, 0.0, 0.0, 1.0],
                [0.195202, 0.020991, 0.980538, 0.0, -0.637827, 0.762188, 0.110659, 0.39386, -0.745032, -0.647014, 0.162169, -0.0, 0.0, 0.0, 0.0, 1.0],
                [0.180055, -0.188668, 0.965393, -0.0, -0.873649, 0.420321, 0.245087, 0.39386, -0.452015, -0.887544, -0.089148, -0.0, 0.0, 0.0, 0.0, 1.0],
                [0.877478, -0.004042, 0.479593, -0.0, -0.341434, 0.696991, 0.630573, 0.39386, -0.336821, -0.717067, 0.610216, -0.0, 0.0, 0.0, 0.0, 1.0]
            ]
        },
        {
            "name": "Hand_L",
            "time": [0.0, 0.1333, 0.25, 0.3333, 0.4, 0.5, 0.7, 0.8, 0.9333, 1.5, 2.5],
            "transform": [
                [-0.337665, -0.109801, -0.93484, 0.0, -0.519386, 0.850021, 0.087764, 0.3, 0.784997, 0.515178, -0.344052, -0.0, 0.0, 0.0, 0.0, 1.0],
                [0.450016, 0.031185, -0.892476, -0.0, -0.49028, 0.843932, -0.217727, 0.3, 0.746399, 0.535544, 0.395072, 0.0, 0.0, 0.0, 0.0, 1.0],
                [1.0, -0.0, -0.0, 0.0, 0.0, 0.972991, -0.230843, 0.3, 0.0, 0.230843, 0.972991, -0.0, 0.0, 0.0, 0.0, 1.0],
                [0.946125, 0.047171, -0.320347, 0.0, -0.137439, 0.954294, -0.265395, 0.3, 0.293186, 0.295125, 0.909364, -0.0, 0.0, 0.0, 0.0, 1.0],
                [0.929806, -0.038003, -0.366082, 0.0, -0.090722, 0.940299, -0.328035, 0.3, 0.356693, 0.338221, 0.870848, -0.0, 0.0, 0.0, 0.0, 1.0],
                [0.996352, -0.078197, -0.034162, 0.0, 0.036049, 0.74857, -0.662075, 0.3, 0.077345, 0.658429, 0.748659, 0.0, 0.0, 0.0, 0.0, 1.0],
                [0.982514, -0.152966, 0.106148, 0.0, 0.132417, 0.173301, -0.975927, 0.3, 0.130888, 0.972918, 0.190526, 0.0, 0.0, 0.0, 0.0, 1.0],
                [0.972473, -0.005037, 0.23296, 0.0, 0.111683, 0.887524, -0.447022, 0.3, -0.204506, 0.460734, 0.863656, 0.0, 0.0, 0.0, 0.0, 1.0],
                [0.181842, 0.141832, -0.973045, -0.0, -0.016146, 0.989841, 0.141263, 0.300001, 0.983195, -0.009977, 0.182285, -0.0, 0.0, 0.0, 0.0, 1.0],
                [0.181197, 0.144505, -0.972772, -0.0, 0.013024, 0.988707, 0.149298, 0.3, 0.983361, -0.039721, 0.177269, 0.0, 0.0, 0.0, 0.0, 1.0],
                [0.161134, -0.019774, -0.986736, 0.0, -0.965048, 0.206233, -0.161725, 0.3, 0.206695, 0.978307, 0.014148, 0.0, 0.0, 0.0, 0.0, 1.0]
            ]
        },
        {
            "name": "Tool_L",
            "time": [0.0, 0.1333, 0.2, 0.25, 0.3, 0.3333, 0.5, 0.7, 0.9333, 1.5, 2.5],
            "transform": [
                [1.0, 0.0, 0.0, -0.0, 0.0, -0.999996, -0.001849, 0.272858, 0.0, 0.001837, -0.999258, -0.0, 0.0, 0.0, 0.0, 1.0],
                [0.991678, -0.069892, -0.108108, -0.0, -0.087563, -0.98181, -0.168436, 0.272858, -0.094325, 0.176405, -0.979037, -0.0, 0.0, 0.0, 0.0, 1.0],
                [0.955791, -0.086228, -0.281083, -0.0, -0.065704, -0.994491, 0.08164, 0.272858, -0.286439, -0.059545, -0.955484, -0.0, 0.0, 0.0, 0.0, 1.0],
                [0.997132, -0.066511, 0.036111, -0.0, -0.07348, -0.73645, 0.672399, 0.272858, -0.018121, -0.672811, -0.738671, -0.0, 0.0, 0.0, 0.0, 1.0],
                [0.749684, 0.097406, 0.654502, -0.0, -0.069149, -0.972164, 0.223828, 0.272858, 0.657773, -0.212967, -0.721544, -0.0, 0.0, 0.0, 0.0, 1.0],
                [0.879594, 0.161339, 0.447471, -0.0, -0.008544, -0.935223, 0.353904, 0.272858, 0.475358, -0.314975, -0.820628, -0.0, 0.0, 0.0, 0.0, 1.0],
                [1.0, 0.0, 0.0, -0.0, 0.0, -0.999834, 0.01812, 0.272858, 0.0, -0.018122, -0.999095, -0.0, 0.0, 0.0, 0.0, 1.0],
                [0.942497, -0.330934, -0.046708, -0.0, -0.161616, -0.328946, -0.930293, 0.272858, 0.292361, 0.883921, -0.363257, -0.0, 0.0, 0.0, 0.0, 1.0],
                [1.0, -0.0, 0.0, -0.0, -0.0, -0.716211, -0.69779, 0.272858, 0.0, 0.697449, -0.71569, -0.0, 0.0, 0.0, 0.0, 1.0],
                [1.0, -0.0, 0.0, -0.0, -0.0, -0.739425, -0.673115, 0.272858, 0.0, 0.672818, -0.738851, -0.0, 0.0, 0.0, 0.0, 1.0],
                [1.0, 0.0, 0.0, -0.0, 0.0, -0.999831, 0.018116, 0.272858, 0.0, -0.018122, -0.998896, 0.0, 0.0, 0.0, 0.0, 1.0]
            ]
        },
        {
            "name": "Elbow_L",
            "time": [0.0, 0.1333, 0.25, 0.4, 0.5, 0.7, 0.9333, 1.5, 2.5],
            "transform": [
                [-1.0, 0.0, 1e-06, -0.0, -1e-06, 0.0, -1.0, 0.3, -0.0, -1.0, -0.0, -0.0, 0.0, 0.0, 0.0, 1.0],
                [-1.0, 0.0, 1e-06, -0.0, -1e-06, 0.0, -1.0, 0.3, -0.0, -1.0, -0.0, 0.0, 0.0, 0.0, 0.0, 1.0],
                [-1.0, 0.0, 1e-06, -0.0, -1e-06, 0.0, -1.0, 0.3, -0.0, -1.0, -0.0, -0.0, 0.0, 0.0, 0.0, 1.0],
                [-1.0, 0.0, 0.0, -0.0, -1e-06, 0.0, -1.0, 0.3, -0.0, -1.0, -0.0, -0.0, 0.0, 0.0, 0.0, 1.0],
                [-1.0, 0.0, 1e-06, -0.0, -1e-06, 0.0, -1.0, 0.3, -0.0, -1.0, -0.0, 0.0, 0.0, 0.0, 0.0, 1.0],
                [-1.0, 0.0, 1e-06, 0.0, -1e-06, 0.0, -1.0, 0.3, -0.0, -1.0, -0.0, -0.0, 0.0, 0.0, 0.0, 1.0],
                [-1.0, 0.0, 0.0, -0.0, -1e-06, 0.0, -1.0, 0.3, -0.0, -1.0, -0.0, -0.0, 0.0, 0.0, 0.0, 1.0],
                [-1.0, 0.0, 1e-06, -0.0, -1e-06, 0.0, -1.0, 0.3, -0.0, -1.0, -0.0, 0.0, 0.0, 0.0, 0.0, 1.0],
                [-1.000001, 0.0, 1e-06, -0.0, -1e-06, 0.0, -1.0, 0.3, -0.0, -1.0, -0.0, 0.0, 0.0, 0.0, 0.0, 1.0]
            ]
        }
    ]
}