{
    "animation": [
        {
            "name": "Root",
            "time": [0.0, 0.05, 0.1, 0.1667, 0.1833, 0.2167, 0.2667, 0.3333, 0.35, 0.3833, 0.4, 0.4333, 0.4833, 0.55, 0.6, 0.6833, 0.75, 0.8, 0.85, 0.9, 0.95, 1.0, 1.05, 1.1, 1.15, 1.3, 1.5167, 1.7833, 2.3333],
            "transform": [
                [0.933812, 0.013179, -0.357522, 3e-05, -0.334797, 0.384477, -0.860284, 0.037426, 0.126121, 0.923041, 0.363441, 0.590768, 0.0, 0.0, 0.0, 1.0],
                [0.744839, 0.040963, -0.665986, 0.136891, -0.660583, 0.18595, -0.72736, 0.192541, 0.094045, 0.981705, 0.165562, 0.65799, 0.0, 0.0, 0.0, 1.0],
                [0.488044, 0.0, -0.872819, 0.273752, -0.872819, 0.0, -0.488044, 0.347656, 0.0, 1.0, 0.0, 0.725213, 0.0, 0.0, 0.0, 1.0],
                [0.751338, 0.0, -0.659918, 0.311422, -0.659918, 0.0, -0.751338, 0.379707, 0.0, 1.0, 0.0, 0.728504, 0.0, 0.0, 0.0, 1.0],
                [0.812166, 0.0, -0.583427, 0.320839, -0.583427, 0.0, -0.812166, 0.38772, 0.0, 1.0, 0.0, 0.729326, 0.0, 0.0, 0.0, 1.0],
                [0.916188, 0.0, -0.400748, 0.337914, -0.400748, 0.0, -0.916188, 0.418638, 0.0, 1.0, 0.0, 0.731441, 0.0, 0.0, 0.0, 1.0],
                [0.997988, 0.0, -0.063396, 0.363526, -0.063396, 0.0, -0.997988, 0.465015, 0.0, 1.0, 0.0, 0.734614, 0.0, 0.0, 0.0, 1.0],
                [0.906473, 0.0, 0.422265, 0.433103, 0.422265, 0.0, -0.906473, 0.584, 0.0, 1.0, 0.0, 0.730854, 0.0, 0.0, 0.0, 1.0],
                [0.846803, 0.0, 0.531907, 0.438646, 0.531907, 0.0, -0.846803, 0.617895, 0.0, 1.0, 0.0, 0.729913, 0.0, 0.0, 0.0, 1.0],
                [0.693762, 0.0, 0.720205, 0.449732, 0.720205, 0.0, -0.693762, 0.685686, 0.0, 1.0, 0.0, 0.728033, 0.0, 0.0, 0.0, 1.0],
                [0.605158, 0.0, 0.796105, 0.438507, 0.796105, 0.0, -0.605158, 0.719581, 0.0, 1.0, 0.0, 0.727093, 0.0, 0.0, 0.0, 1.0],
                [0.416225, 0.0, 0.909261, 0.416055, 0.909261, 0.0, -0.416225, 0.787372, 0.0, 1.0, 0.0, 0.725213, 0.0, 0.0, 0.0, 1.0],
                [0.168754, 0.0, 0.985658, 0.278252, 0.985658, 0.0, -0.168754, 0.818595, 0.0, 1.0, 0.0, 0.706029, 0.0, 0.0, 0.0, 1.0],
                [-0.180205, 0.0, 0.983629, 0.094514, 0.983629, 0.0, 0.180205, 0.860224, 0.0, 1.0, 0.0, 0.68045, 0.0, 0.0, 0.0, 1.0],
                [-0.422441, 0.0, 0.90639, -0.043289, 0.90639, 0.0, 0.422441, 0.891447, 0.0, 1.0, 0.0, 0.661266, 0.0, 0.0, 0.0, 1.0],
                [-0.734294, 0.0, 0.678832, -0.272962, 0.678832, 0.0, 0.734294, 0.943484, 0.0, 1.0, 0.0, 0.629292, 0.0, 0.0, 0.0, 1.0],
                [-0.887902, 0.0, 0.460032, -0.4567, 0.460032, 0.0, 0.887902, 0.985114, 0.0, 1.0, 0.0, 0.603713, 0.0, 0.0, 0.0, 1.0],
                [-0.972059, 0.0, 0.234738, -0.450507, 0.234738, 0.0, 0.972059, 1.061855, 0.0, 1.0, 0.0, 0.599342, 0.0, 0.0, 0.0, 1.0],
                [-0.999394, 0.0, -0.034801, -0.444314, -0.034801, 0.0, 0.999394, 1.138595, 0.0, 1.0, 0.0, 0.59497, 0.0, 0.0, 0.0, 1.0],
                [-0.945484, 0.0, -0.325668, -0.483199, -0.325668, 0.0, 0.945484, 1.215336, 0.0, 1.0, 0.0, 0.590598, 0.0, 0.0, 0.0, 1.0],
                [-0.800287, 0.0, -0.599616, -0.522084, -0.599616, 0.0, 0.800287, 1.292076, 0.0, 1.0, 0.0, 0.586227, 0.0, 0.0, 0.0, 1.0],
                [-0.57816, 0.0, -0.815923, -0.607481, -0.815923, 0.0, 0.57816, 1.323468, 0.0, 1.0, 0.0, 0.581855, 0.0, 0.0, 0.0, 1.0],
                [-0.31415, 0.0, -0.949373, -0.692877, -0.949373, 0.0, 0.31415, 1.354859, 0.0, 1.0, 0.0, 0.577483, 0.0, 0.0, 0.0, 1.0],
                [-0.047786, 0.0, -0.998858, -0.738959, -0.998858, 0.0, 0.047786, 1.34122, 0.0, 1.0, 0.0, 0.573112, 0.0, 0.0, 0.0, 1.0],
                [0.192077, 0.0, -0.98138, -0.78504, -0.98138, 0.0, -0.192077, 1.327581, 0.0, 1.0, 0.0, 0.56874, 0.0, 0.0, 0.0, 1.0],
                [0.426242, 0.0, -0.904609, -0.78504, -0.904609, 0.0, -0.426242, 1.327581, 0.0, 1.0, 0.0, 0.585448, 0.0, 0.0, 0.0, 1.0],
                [0.721983, 0.0, -0.691911, -0.617052, -0.691911, 0.0, -0.721983, 1.502871, 0.0, 1.0, 0.0, 0.710471, 0.0, 0.0, 0.0, 1.0],
                [0.957524, 0.0, -0.288354, -0.78504, -0.288353, 0.0, -0.957524, 1.327581, 0.0, 1.0, 0.0, 0.638915, 0.0, 0.0, 0.0, 1.0],
                [1.0, 0.0, 0.0, -0.78504, 0.0, 0.0, -1.0, 1.327581, 0.0, 1.0, 0.0, 0.658965, 0.0, 0.0, 0.0, 1.0]
            ]
        },
        {
            "name": "Thigh_R",
            "time": [0.0, 0.05, 0.1, 0.1833, 0.2667, 0.3833, 0.4333, 0.4833, 0.55, 0.6, 0.6833, 0.75, 0.8, 0.85, 0.9, 0.95, 1.0, 1.05, 1.1, 1.15, 1.35, 1.5167, 1.7833, 2.3333],
            "transform": [
                [0.904288, 0.383406, 0.187785, 0.126184, -0.04165, -0.358528, 0.932589, -0.002437, 0.424887, -0.851149, -0.308244, -0.001567, 0.0, 0.0, 0.0, 1.0],
                [0.962495, 0.23792, 0.13037, 0.126779, 0.057134, -0.647526, 0.759898, -0.00224, 0.265213, -0.72395, -0.636834, -0.002344, 0.0, 0.0, 0.0, 1.0],
                [0.971292, 0.232668, 0.049555, 0.127374, 0.204765, -0.923745, 0.32367, -0.002043, 0.121084, -0.30423, -0.944872, -0.003121, 0.0, 0.0, 0.0, 1.0],
                [0.918334, 0.234356, 0.318967, 0.127374, 0.22204, -0.972147, 0.075, -0.002042, 0.32766, 0.001948, -0.944794, -0.003121, 0.0, 0.0, 0.0, 1.0],
                [0.832713, 0.068701, 0.549426, 0.127374, 0.199082, -0.963063, -0.181307, -0.002042, 0.516677, 0.260358, -0.815634, -0.003121, 0.0, 0.0, 0.0, 1.0],
                [0.435763, -0.249347, 0.864833, 0.127374, 0.068025, -0.948986, -0.307887, -0.002042, 0.897487, 0.192995, -0.396572, -0.003121, 0.0, 0.0, 0.0, 1.0],
                [0.594303, -0.148821, 0.790352, 0.127374, -0.004491, -0.983327, -0.181781, -0.002042, 0.804228, 0.104483, -0.585064, -0.003121, 0.0, 0.0, 0.0, 1.0],
                [0.747425, -0.058899, 0.66173, 0.127374, -0.053925, -0.998153, -0.027935, -0.002042, 0.662154, -0.014804, -0.749221, -0.003121, 0.0, 0.0, 0.0, 1.0],
                [0.91028, 0.02263, 0.413373, 0.127374, -0.065953, -0.977824, 0.198766, -0.002042, 0.408705, -0.208196, -0.888602, -0.003121, 0.0, 0.0, 0.0, 1.0],
                [0.98043, 0.043288, 0.192051, 0.127374, -0.029574, -0.93207, 0.361066, -0.002042, 0.194635, -0.35968, -0.912549, -0.003121, 0.0, 0.0, 0.0, 1.0],
                [0.985423, 0.000949, -0.170116, 0.127374, 0.098925, -0.816726, 0.568481, -0.002042, -0.138399, -0.577023, -0.804915, -0.003121, 0.0, 0.0, 0.0, 1.0],
                [0.911601, -0.079732, -0.403268, 0.127374, 0.23004, -0.714074, 0.661195, -0.002043, -0.340683, -0.695514, -0.632609, -0.003121, 0.0, 0.0, 0.0, 1.0],
                [0.938645, 0.037325, -0.342857, 0.127374, 0.272387, -0.689999, 0.6706, -0.002042, -0.211541, -0.722845, -0.657832, -0.003121, 0.0, 0.0, 0.0, 1.0],
                [0.947218, 0.15642, -0.279839, 0.127374, 0.310922, -0.660966, 0.682972, -0.002042, -0.078134, -0.733931, -0.674713, -0.003121, 0.0, 0.0, 0.0, 1.0],
                [0.946351, 0.198067, -0.25532, 0.127374, 0.321578, -0.654847, 0.683931, -0.002042, -0.031731, -0.729345, -0.683409, -0.003121, 0.0, 0.0, 0.0, 1.0],
                [0.943202, 0.239219, -0.230531, 0.127374, 0.331906, -0.648333, 0.685202, -0.002043, 0.014452, -0.722798, -0.690907, -0.003121, 0.0, 0.0, 0.0, 1.0],
                [0.939666, 0.246126, -0.237591, 0.127374, 0.342072, -0.668373, 0.660501, -0.002042, 0.003767, -0.701924, -0.712241, -0.003121, 0.0, 0.0, 0.0, 1.0],
                [0.936026, 0.25324, -0.244387, 0.127375, 0.351857, -0.687669, 0.635065, -0.002042, -0.007234, -0.680426, -0.73278, -0.003121, 0.0, 0.0, 0.0, 1.0],
                [0.939284, 0.240923, -0.244337, 0.127374, 0.341736, -0.721106, 0.602678, -0.002042, -0.030994, -0.649585, -0.759656, -0.003121, 0.0, 0.0, 0.0, 1.0],
                [0.942247, 0.228541, -0.244823, 0.127374, 0.330489, -0.752946, 0.569076, -0.002042, -0.054282, -0.617122, -0.784992, -0.003121, 0.0, 0.0, 0.0, 1.0],
                [0.941205, 0.337601, -0.012571, 0.126791, 0.305472, -0.83456, 0.45847, -0.002235, 0.144289, -0.435354, -0.88862, -0.00236, 0.0, 0.0, 0.0, 1.0],
                [0.898721, 0.248248, -0.361488, 0.126306, 0.306315, 0.234501, 0.922594, -0.002396, 0.313802, -0.939883, 0.134709, -0.001725, 0.0, 0.0, 0.0, 1.0],
                [0.819484, 0.397846, 0.412509, 0.12582, 0.328542, -0.91589, 0.23066, -0.002557, 0.469581, -0.053496, -0.881267, -0.001091, 0.0, 0.0, 0.0, 1.0],
                [0.626254, 0.315686, 0.712845, 0.124994, 0.406465, -0.912455, 0.046995, -0.002831, 0.665276, 0.260315, -0.699746, -1.2e-05, 0.0, 0.0, 0.0, 1.0]
            ]
        },
        {
            "name": "Leg_R",
            "time": [0.0, 0.05, 0.1, 0.2667, 0.4333, 0.4833, 0.55, 0.6, 0.6833, 0.75, 0.8, 0.85, 0.9, 0.95, 1.0, 1.05, 1.1, 1.15, 1.35, 1.5167, 1.7833, 2.3333],
            "transform": [
                [0.99968, 0.017187, 0.018523, 0.0, -0.025229, 0.63785, 0.769747, 0.37472, 0.001414, -0.76997, 0.638079, -0.0, 0.0, 0.0, 0.0, 1.0],
                [0.999434, -0.033186, 0.005437, -0.0, 0.017002, 0.638145, 0.769729, 0.37472, -0.029014, -0.769201, 0.638348, -0.0, 0.0, 0.0, 0.0, 1.0],
                [1.0, -0.0, 1e-06, 0.0, -0.0, 0.884714, 0.466138, 0.37472, -1e-06, -0.46614, 0.88471, -0.0, 0.0, 0.0, 0.0, 1.0],
                [0.999968, 0.007998, -0.00092, 0.0, -0.007065, 0.926554, 0.3761, 0.37472, 0.00386, -0.376083, 0.926577, 0.0, 0.0, 0.0, 0.0, 1.0],
                [0.999864, 0.015611, 0.005287, 0.0, -0.014389, 0.670279, 0.74197, 0.37472, 0.008039, -0.741948, 0.67041, 0.0, 0.0, 0.0, 0.0, 1.0],
                [0.99982, 0.017309, 0.00781, -0.0, -0.016182, 0.561481, 0.82733, 0.37472, 0.009935, -0.827311, 0.561658, 0.0, 0.0, 0.0, 0.0, 1.0],
                [0.999754, 0.01899, 0.01146, 0.0, -0.018122, 0.401442, 0.915704, 0.37472, 0.012788, -0.91569, 0.401686, -0.0, 0.0, 0.0, 0.0, 1.0],
                [0.999702, 0.019786, 0.014308, 0.0, -0.019199, 0.274916, 0.961275, 0.37472, 0.015086, -0.961267, 0.275213, 0.0, 0.0, 0.0, 0.0, 1.0],
                [0.999595, 0.024554, 0.014406, -0.0, -0.020889, 0.288812, 0.957156, 0.37472, 0.019342, -0.957073, 0.289207, 0.0, 0.0, 0.0, 0.0, 1.0],
                [0.999496, 0.02827, 0.014435, 0.0, -0.022249, 0.299592, 0.953807, 0.37472, 0.02264, -0.953651, 0.300069, -0.0, 0.0, 0.0, 0.0, 1.0],
                [0.999466, 0.029129, 0.014774, -0.0, -0.02255, 0.288222, 0.957297, 0.37472, 0.023627, -0.957122, 0.288725, -0.0, 0.0, 0.0, 0.0, 1.0],
                [0.999436, 0.029983, 0.015123, 0.0, -0.02284, 0.276809, 0.960653, 0.37472, 0.024617, -0.960458, 0.277337, -0.0, 0.0, 0.0, 0.0, 1.0],
                [0.999405, 0.030833, 0.015482, -0.0, -0.023118, 0.265355, 0.963873, 0.37472, 0.025611, -0.963658, 0.26591, 0.0, 0.0, 0.0, 0.0, 1.0],
                [0.999372, 0.031679, 0.015851, -0.0, -0.023384, 0.253863, 0.966958, 0.37472, 0.026608, -0.966722, 0.254444, 0.0, 0.0, 0.0, 0.0, 1.0],
                [0.999339, 0.032521, 0.016231, 0.0, -0.023639, 0.242334, 0.969905, 0.37472, 0.027609, -0.969648, 0.242943, -0.0, 0.0, 0.0, 0.0, 1.0],
                [0.999305, 0.033358, 0.01662, -0.0, -0.023881, 0.230772, 0.972715, 0.37472, 0.028612, -0.972435, 0.231409, 0.0, 0.0, 0.0, 0.0, 1.0],
                [0.99927, 0.034189, 0.017019, 0.0, -0.024111, 0.219179, 0.975388, 0.37472, 0.029618, -0.975084, 0.219844, -0.0, 0.0, 0.0, 0.0, 1.0],
                [0.999235, 0.035016, 0.017428, 0.0, -0.024329, 0.207557, 0.977922, 0.37472, 0.030626, -0.977595, 0.20825, 0.0, 0.0, 0.0, 0.0, 1.0],
                [0.999545, 0.028394, 0.010225, -0.0, -0.021384, 0.427271, 0.903871, 0.37472, 0.021296, -0.903678, 0.427683, 0.0, 0.0, 0.0, 0.0, 1.0],
                [0.999754, 0.006262, 0.021288, -0.0, -0.017201, -0.387324, 0.921782, 0.37472, 0.014017, -0.921925, -0.38712, 0.0, 0.0, 0.0, 0.0, 1.0],
                [0.999903, 0.013788, 0.002029, -0.0, -0.011629, 0.745261, 0.666672, 0.37472, 0.00768, -0.666635, 0.745345, 0.0, 0.0, 0.0, 0.0, 1.0],
                [1.0, 0.0, 1e-06, 0.0, -0.0, 0.921708, 0.387895, 0.37472, -1e-06, -0.387899, 0.921698, 0.0, 0.0, 0.0, 0.0, 1.0]
            ]
        },
        {
            "name": "Knee_R",
            "time": [0.0, 0.1, 0.2667, 0.4333, 0.4833, 0.55, 0.6, 0.6833, 0.75, 0.8, 0.85, 0.9, 0.95, 1.0, 1.05, 1.1, 1.15, 1.35, 1.5167, 1.7833, 2.3333],
            "transform": [
                [1.0, 0.0, -0.0, 0.0, -0.0, 0.0, -1.0, 0.37472, -0.0, 1.0, 0.0, -0.0, 0.0, 0.0, 0.0, 1.0],
                [1.0, 0.0, -0.0, 0.0, -0.0, 0.0, -1.0, 0.37472, -0.0, 1.0, 0.0, -0.0, 0.0, 0.0, 0.0, 1.0],
                [1.0, 0.0, -0.0, 0.0, -0.0, 0.0, -1.0, 0.37472, -0.0, 1.0, 0.0, 0.0, 0.0, 0.0, 0.0, 1.0],
                [1.0, 0.0, -0.0, 0.0, -0.0, 0.0, -1.0, 0.37472, -0.0, 1.0, 0.0, 0.0, 0.0, 0.0, 0.0, 1.0],
                [1.0, 0.0, -0.0, -0.0, -0.0, 0.0, -1.0, 0.37472, -0.0, 1.0, 0.0, 0.0, 0.0, 0.0, 0.0, 1.0],
                [1.0, 0.0, -0.0, 0.0, -0.0, 0.0, -1.0, 0.37472, -0.0, 1.0, 0.0, -0.0, 0.0, 0.0, 0.0, 1.0],
                [1.0, 0.0, -0.0, 0.0, -0.0, 0.0, -1.0, 0.37472, -0.0, 1.0, 0.0, 0.0, 0.0, 0.0, 0.0, 1.0],
                [1.0, 0.0, -0.0, -0.0, -0.0, 0.0, -1.0, 0.37472, -0.0, 1.0, 0.0, 0.0, 0.0, 0.0, 0.0, 1.0],
                [1.0, 0.0, -0.0, 0.0, -0.0, 0.0, -1.0, 0.37472, -0.0, 1.0, 0.0, -0.0, 0.0, 0.0, 0.0, 1.0],
                [1.0, 0.0, -0.0, -0.0, -0.0, 0.0, -1.0, 0.37472, -0.0, 1.0, 0.0, -0.0, 0.0, 0.0, 0.0, 1.0],
                [1.0, 0.0, -0.0, 0.0, -0.0, 0.0, -1.0, 0.37472, -0.0, 1.0, 0.0, -0.0, 0.0, 0.0, 0.0, 1.0],
                [1.0, 0.0, -0.0, -0.0, -0.0, 0.0, -1.0, 0.37472, -0.0, 1.0, 0.0, 0.0, 0.0, 0.0, 0.0, 1.0],
                [1.0, 0.0, -0.0, -0.0, -0.0, 0.0, -1.0, 0.37472, -0.0, 1.0, 0.0, 0.0, 0.0, 0.0, 0.0, 1.0],
                [1.0, 0.0, -0.0, 0.0, -0.0, 0.0, -1.0, 0.37472, -0.0, 1.0, 0.0, -0.0, 0.0, 0.0, 0.0, 1.0],
                [1.0, 0.0, -0.0, -0.0, -0.0, 0.0, -1.0, 0.37472, -0.0, 1.0, 0.0, 0.0, 0.0, 0.0, 0.0, 1.0],
                [1.0, 0.0, -0.0, 0.0, -0.0, 0.0, -1.0, 0.37472, -0.0, 1.0, 0.0, -0.0, 0.0, 0.0, 0.0, 1.0],
                [1.0, 0.0, -0.0, 0.0, -0.0, 0.0, -1.0, 0.37472, -0.0, 1.0, 0.0, 0.0, 0.0, 0.0, 0.0, 1.0],
                [1.0, 0.0, -0.0, -0.0, -0.0, 0.0, -1.0, 0.37472, -0.0, 1.0, 0.0, 0.0, 0.0, 0.0, 0.0, 1.0],
                [1.0, 0.0, -0.0, -0.0, -0.0, 0.524023, -0.851704, 0.37472, -0.0, 0.851704, 0.524023, 0.0, 0.0, 0.0, 0.0, 1.0],
                [1.0, 0.0, -0.0, -0.0, -0.0, 0.0, -1.0, 0.37472, -0.0, 1.0, 0.0, 0.0, 0.0, 0.0, 0.0, 1.0],
                [1.0, 0.0, -0.0, 0.0, -0.0, 0.0, -1.0, 0.37472, -0.0, 1.0, 0.0, 0.0, 0.0, 0.0, 0.0, 1.0]
            ]
        },
        {
            "name": "Thigh_L",
            "time": [0.0, 0.05, 0.1, 0.1833, 0.2667, 0.4333, 0.4833, 0.55, 0.6, 0.6833, 0.75, 0.8, 0.85, 0.9, 0.95, 1.0, 1.05, 1.1, 1.15, 1.3, 1.5167, 1.7833, 2.3333],
            "transform": [
                [0.573401, -0.515194, -0.637014, -0.127068, -0.142923, -0.828514, 0.541422, -0.00227, -0.806712, -0.219408, -0.548704, -0.001051, 0.0, 0.0, 0.0, 1.0],
                [0.539065, -0.721427, -0.434687, -0.1281, -0.102716, -0.568549, 0.816211, -0.001989, -0.835977, -0.395341, -0.380587, -0.00157, 0.0, 0.0, 0.0, 1.0],
                [0.483072, -0.401585, -0.778056, -0.129131, -0.013877, -0.892017, 0.451789, -0.001709, -0.87547, -0.207449, -0.436481, -0.00209, 0.0, 0.0, 0.0, 1.0],
                [0.718381, -0.323179, -0.616022, -0.129131, -0.013877, -0.892017, 0.451789, -0.001708, -0.69551, -0.316008, -0.645293, -0.00209, 0.0, 0.0, 0.0, 1.0],
                [0.951788, -0.150257, -0.267433, -0.129131, -0.013877, -0.892017, 0.451789, -0.001708, -0.306439, -0.426296, -0.851097, -0.00209, 0.0, 0.0, 0.0, 1.0],
                [0.845961, -0.239579, -0.476394, -0.129131, -0.014592, -0.903455, 0.428435, -0.001708, -0.533045, -0.355488, -0.767784, -0.00209, 0.0, 0.0, 0.0, 1.0],
                [0.799705, -0.300166, -0.519976, -0.129131, -0.045116, -0.893651, 0.446491, -0.001708, -0.598698, -0.333601, -0.728198, -0.00209, 0.0, 0.0, 0.0, 1.0],
                [0.708558, -0.343153, -0.616597, -0.129131, -0.147756, -0.926575, 0.345871, -0.001708, -0.690011, -0.153964, -0.707235, -0.00209, 0.0, 0.0, 0.0, 1.0],
                [0.628432, -0.381487, -0.677894, -0.129131, -0.24829, -0.92427, 0.289961, -0.001708, -0.737173, -0.013906, -0.67556, -0.00209, 0.0, 0.0, 0.0, 1.0],
                [0.483505, -0.552758, -0.678735, -0.129131, -0.291096, -0.832799, 0.470861, -0.001708, -0.825521, -0.030087, -0.563568, -0.00209, 0.0, 0.0, 0.0, 1.0],
                [0.35691, -0.675505, -0.645219, -0.129131, -0.299639, -0.736999, 0.605845, -0.001709, -0.884778, -0.0229, -0.46545, -0.00209, 0.0, 0.0, 0.0, 1.0],
                [0.636109, -0.627604, -0.448862, -0.129131, -0.299638, -0.736999, 0.605845, -0.001708, -0.711043, -0.250887, -0.656867, -0.00209, 0.0, 0.0, 0.0, 1.0],
                [0.848549, -0.496141, -0.183871, -0.129131, -0.299638, -0.736999, 0.605845, -0.001708, -0.436098, -0.458994, -0.774043, -0.00209, 0.0, 0.0, 0.0, 1.0],
                [0.926572, -0.376116, 0.000725, -0.129131, -0.299639, -0.736999, 0.605845, -0.001708, -0.227334, -0.561576, -0.795582, -0.00209, 0.0, 0.0, 0.0, 1.0],
                [0.954028, -0.236008, 0.184743, -0.129131, -0.299638, -0.736999, 0.605845, -0.001709, -0.006829, -0.633349, -0.773835, -0.00209, 0.0, 0.0, 0.0, 1.0],
                [0.947479, -0.155456, 0.279494, -0.129131, -0.299638, -0.736999, 0.605845, -0.001708, 0.111805, -0.657773, -0.744872, -0.00209, 0.0, 0.0, 0.0, 1.0],
                [0.926966, -0.074655, 0.367642, -0.129131, -0.299639, -0.736999, 0.605845, -0.001708, 0.225723, -0.671758, -0.705543, -0.00209, 0.0, 0.0, 0.0, 1.0],
                [0.914042, -0.03979, 0.403663, -0.129131, -0.299638, -0.736999, 0.605845, -0.001708, 0.273393, -0.674721, -0.685571, -0.00209, 0.0, 0.0, 0.0, 1.0],
                [0.899093, -0.005715, 0.437721, -0.129131, -0.299638, -0.736999, 0.605845, -0.001708, 0.319138, -0.675869, -0.664343, -0.00209, 0.0, 0.0, 0.0, 1.0],
                [0.962689, -0.265886, 0.050347, -0.128373, -0.231705, -0.713778, 0.660933, -0.001915, -0.139796, -0.647939, -0.748753, -0.001708, 0.0, 0.0, 0.0, 1.0],
                [0.984329, -0.143294, 0.102771, -0.127279, -0.165219, -0.953116, 0.253521, -0.002212, 0.061625, -0.266528, -0.961855, -0.001157, 0.0, 0.0, 0.0, 1.0],
                [0.987659, 0.119597, -0.101121, -0.125932, 0.156521, -0.776342, 0.610569, -0.002579, -0.005482, -0.618862, -0.785481, -0.000478, 0.0, 0.0, 0.0, 1.0],
                [0.962645, -0.166666, -0.213394, -0.125006, -0.0, -0.78811, 0.615534, -0.002831, -0.270767, -0.592541, -0.75867, -1.2e-05, 0.0, 0.0, 0.0, 1.0]
            ]
        },
        {
            "name": "Leg_L",
            "time": [0.0, 0.05, 0.1, 0.2667, 0.4333, 0.4833, 0.55, 0.6, 0.6833, 0.75, 0.8, 0.85, 0.9, 0.95, 1.0, 1.05, 1.1, 1.15, 1.3, 1.5167, 1.7833, 2.3333],
            "transform": [
                [0.998715, -0.044239, -0.024728, 0.0, 0.045948, 0.584465, 0.810117, 0.37472, -0.021386, -0.810213, 0.585746, 0.0, 0.0, 0.0, 0.0, 1.0],
                [0.995787, -0.069401, -0.059931, 0.0, 0.059656, -0.00602, 0.998201, 0.37472, -0.069637, -0.997571, -0.001854, -0.0, 0.0, 0.0, 0.0, 1.0],
                [1.0, -1e-06, 1e-06, 0.0, -0.0, 0.898012, 0.43997, 0.37472, -1e-06, -0.439969, 0.898013, 0.0, 0.0, 0.0, 0.0, 1.0],
                [0.999997, -0.0022, 0.000639, 0.0, 0.001711, 0.902693, 0.430281, 0.37472, -0.001524, -0.430278, 0.902695, 0.0, 0.0, 0.0, 0.0, 1.0],
                [0.999989, -0.004393, 0.0013, -0.0, 0.003439, 0.907265, 0.420543, 0.37472, -0.003027, -0.420534, 0.907271, 0.0, 0.0, 0.0, 0.0, 1.0],
                [0.999866, -0.016329, 0.000232, -0.0, 0.012761, 0.790098, 0.612847, 0.37472, -0.01019, -0.612762, 0.790202, 0.0, 0.0, 0.0, 0.0, 1.0],
                [0.998603, -0.052754, 0.002872, 0.0, 0.042292, 0.830788, 0.554979, 0.37472, -0.031664, -0.554082, 0.831859, -0.0, 0.0, 0.0, 0.0, 1.0],
                [0.996915, -0.076739, 0.016478, -0.0, 0.06494, 0.924355, 0.375966, 0.37472, -0.044083, -0.373736, 0.926487, 0.0, 0.0, 0.0, 0.0, 1.0],
                [0.99942, -0.03202, 0.011525, 0.0, 0.029568, 0.9847, 0.17173, 0.37472, -0.016847, -0.171289, 0.985077, 0.0, 0.0, 0.0, 0.0, 1.0],
                [0.999997, 0.002398, 0.000818, 0.0, -0.002401, 0.999993, 0.002698, 0.37472, -0.000811, -0.0027, 0.999997, -0.0, 0.0, 0.0, 0.0, 1.0],
                [0.999996, 0.002398, 0.000818, 0.0, -0.002401, 0.999993, 0.002698, 0.37472, -0.000811, -0.0027, 0.999997, 0.0, 0.0, 0.0, 0.0, 1.0],
                [0.999997, 0.002399, 0.000818, -0.0, -0.002401, 0.999993, 0.002698, 0.37472, -0.000811, -0.0027, 0.999997, -0.0, 0.0, 0.0, 0.0, 1.0],
                [0.999996, 0.002399, 0.000818, 0.0, -0.002401, 0.999993, 0.002698, 0.37472, -0.000811, -0.0027, 0.999997, 0.0, 0.0, 0.0, 0.0, 1.0],
                [0.999997, 0.002399, 0.000818, -0.0, -0.002401, 0.999993, 0.002698, 0.37472, -0.000811, -0.0027, 0.999997, 0.0, 0.0, 0.0, 0.0, 1.0],
                [0.999996, 0.002399, 0.000818, 0.0, -0.002401, 0.999993, 0.002698, 0.37472, -0.000811, -0.0027, 0.999997, -0.0, 0.0, 0.0, 0.0, 1.0],
                [0.999997, 0.002398, 0.000818, -0.0, -0.002401, 0.999993, 0.002699, 0.37472, -0.000811, -0.0027, 0.999997, 0.0, 0.0, 0.0, 0.0, 1.0],
                [0.999996, 0.002399, 0.000818, 0.0, -0.002401, 0.999993, 0.002698, 0.37472, -0.000811, -0.0027, 0.999997, -0.0, 0.0, 0.0, 0.0, 1.0],
                [0.999997, 0.002399, 0.000818, -0.0, -0.002401, 0.999993, 0.002698, 0.37472, -0.000811, -0.0027, 0.999997, -0.0, 0.0, 0.0, 0.0, 1.0],
                [0.988983, -0.081654, 0.123471, -0.0, 0.003745, 0.847637, 0.530564, 0.37472, -0.147981, -0.524257, 0.838604, -0.0, 0.0, 0.0, 0.0, 1.0],
                [1.0, 0.00036, 0.000595, 0.0, -0.000436, 0.991037, 0.133591, 0.37472, -0.000541, -0.133591, 0.991037, -0.0, 0.0, 0.0, 0.0, 1.0],
                [1.0, 0.00019, 0.000214, 0.0, -0.000213, 0.993537, 0.113514, 0.37472, -0.000192, -0.113514, 0.993537, 0.0, 0.0, 0.0, 0.0, 1.0],
                [1.0, 0.0, 1e-06, -0.0, -1e-06, 0.781431, 0.623992, 0.37472, -1e-06, -0.623992, 0.781431, -0.0, 0.0, 0.0, 0.0, 1.0]
            ]
        },
        {
            "name": "Knee_L",
            "time": [0.0, 0.1, 0.2667, 0.4333, 0.4833, 0.55, 0.6, 0.6833, 0.75, 0.8, 0.85, 0.9, 0.95, 1.0, 1.05, 1.1, 1.15, 2.3333],
            "transform": [
                [1.0, 0.0, -0.0, 0.0, -0.0, 0.0, -1.0, 0.37472, -0.0, 1.0, 0.0, 0.0, 0.0, 0.0, 0.0, 1.0],
                [1.0, 0.0, -0.0, 0.0, -0.0, 0.0, -1.0, 0.37472, -0.0, 1.0, 0.0, 0.0, 0.0, 0.0, 0.0, 1.0],
                [1.0, 0.0, -0.0, 0.0, -0.0, 0.0, -1.0, 0.37472, -0.0, 1.0, 0.0, 0.0, 0.0, 0.0, 0.0, 1.0],
                [1.0, 0.0, -0.0, -0.0, -0.0, 0.0, -1.0, 0.37472, -0.0, 1.0, 0.0, 0.0, 0.0, 0.0, 0.0, 1.0],
                [1.0, 0.0, -0.0, 0.0, -0.0, 0.0, -1.0, 0.37472, -0.0, 1.0, 0.0, -0.0, 0.0, 0.0, 0.0, 1.0],
                [1.0, 0.0, -0.0, 0.0, -0.0, 0.0, -1.0, 0.37472, -0.0, 1.0, 0.0, -0.0, 0.0, 0.0, 0.0, 1.0],
                [1.0, 0.0, -0.0, -0.0, -0.0, 0.0, -1.0, 0.37472, -0.0, 1.0, 0.0, 0.0, 0.0, 0.0, 0.0, 1.0],
                [1.0, 0.0, -0.0, 0.0, -0.0, 0.0, -1.0, 0.37472, -0.0, 1.0, 0.0, 0.0, 0.0, 0.0, 0.0, 1.0],
                [1.0, 0.0, -0.0, 0.0, -0.0, 0.0, -1.0, 0.37472, -0.0, 1.0, 0.0, -0.0, 0.0, 0.0, 0.0, 1.0],
                [1.0, 0.0, -0.0, 0.0, -0.0, 0.0, -1.0, 0.37472, -0.0, 1.0, 0.0, 0.0, 0.0, 0.0, 0.0, 1.0],
                [1.0, 0.0, -0.0, -0.0, -0.0, 0.0, -1.0, 0.37472, -0.0, 1.0, 0.0, -0.0, 0.0, 0.0, 0.0, 1.0],
                [1.0, 0.0, -0.0, 0.0, -0.0, 0.0, -1.0, 0.37472, -0.0, 1.0, 0.0, 0.0, 0.0, 0.0, 0.0, 1.0],
                [1.0, 0.0, -0.0, -0.0, -0.0, 0.0, -1.0, 0.37472, -0.0, 1.0, 0.0, 0.0, 0.0, 0.0, 0.0, 1.0],
                [1.0, 0.0, -0.0, 0.0, -0.0, 0.0, -1.0, 0.37472, -0.0, 1.0, 0.0, 0.0, 0.0, 0.0, 0.0, 1.0],
                [1.0, 0.0, -0.0, -0.0, -0.0, 0.0, -1.0, 0.37472, -0.0, 1.0, 0.0, 0.0, 0.0, 0.0, 0.0, 1.0],
                [1.0, 0.0, -0.0, 0.0, -0.0, 0.0, -1.0, 0.37472, -0.0, 1.0, 0.0, 0.0, 0.0, 0.0, 0.0, 1.0],
                [1.0, 0.0, -0.0, -0.0, -0.0, 0.0, -1.0, 0.37472, -0.0, 1.0, 0.0, -0.0, 0.0, 0.0, 0.0, 1.0],
                [1.0, 0.0, -0.0, -0.0, -0.0, 0.0, -1.0, 0.37472, -0.0, 1.0, 0.0, -0.0, 0.0, 0.0, 0.0, 1.0]
            ]
        },
        {
            "name": "Torso",
            "time": [0.0, 0.1, 0.2667, 0.4333, 0.4833, 0.55, 0.6, 0.6833, 0.75, 0.8, 0.85, 0.9, 0.95, 1.0, 1.05, 1.1, 1.15, 1.35, 1.5167, 1.6667, 2.3333],
            "transform": [
                [0.998332, 0.057698, -0.001846, -0.0, -0.054767, 0.936536, -0.346268, 0.05, -0.01825, 0.345791, 0.938134, 0.0, 0.0, 0.0, 0.0, 1.0],
                [0.99978, -0.019234, 0.008361, 0.0, 0.020971, 0.920609, -0.389923, 0.05, -0.000198, 0.390012, 0.92081, 0.0, 0.0, 0.0, 0.0, 1.0],
                [0.978959, 0.156891, 0.130478, 0.0, -0.195741, 0.902685, 0.383204, 0.05, -0.057659, -0.400681, 0.914401, 0.0, 0.0, 0.0, 0.0, 1.0],
                [0.889316, 0.198524, 0.411952, 0.0, -0.409069, 0.748023, 0.522613, 0.05, -0.204399, -0.633286, 0.746439, 0.0, 0.0, 0.0, 0.0, 1.0],
                [0.916943, 0.187221, 0.35237, -0.0, -0.35749, 0.777731, 0.517045, 0.05, -0.177247, -0.600069, 0.780064, 0.0, 0.0, 0.0, 0.0, 1.0],
                [0.947725, 0.167659, 0.271491, -0.0, -0.288292, 0.814584, 0.50333, 0.05, -0.136764, -0.555287, 0.820337, 0.0, 0.0, 0.0, 0.0, 1.0],
                [0.966068, 0.149805, 0.210406, 0.0, -0.236626, 0.839881, 0.488475, 0.05, -0.10354, -0.521687, 0.84683, -0.0, 0.0, 0.0, 0.0, 1.0],
                [0.987389, 0.11456, 0.109266, -0.0, -0.152178, 0.877089, 0.455583, 0.05, -0.043644, -0.466466, 0.883462, -0.0, 0.0, 0.0, 0.0, 1.0],
                [0.996169, 0.08206, 0.030208, -0.0, -0.087127, 0.902097, 0.422647, 0.05, 0.007432, -0.42366, 0.905791, 0.0, 0.0, 0.0, 0.0, 1.0],
                [0.996169, 0.08206, 0.030208, 0.0, -0.087127, 0.902097, 0.422647, 0.05, 0.007432, -0.42366, 0.905791, 0.0, 0.0, 0.0, 0.0, 1.0],
                [0.996169, 0.08206, 0.030208, -0.0, -0.087127, 0.902097, 0.422647, 0.05, 0.007432, -0.42366, 0.905791, -0.0, 0.0, 0.0, 0.0, 1.0],
                [0.996169, 0.08206, 0.030208, 0.0, -0.087127, 0.902097, 0.422647, 0.05, 0.007432, -0.42366, 0.905791, 0.0, 0.0, 0.0, 0.0, 1.0],
                [0.996169, 0.08206, 0.030208, -0.0, -0.087127, 0.902097, 0.422647, 0.05, 0.007432, -0.42366, 0.905791, 0.0, 0.0, 0.0, 0.0, 1.0],
                [0.996169, 0.08206, 0.030208, 0.0, -0.087127, 0.902097, 0.422647, 0.05, 0.007432, -0.42366, 0.905791, 0.0, 0.0, 0.0, 0.0, 1.0],
                [0.99617, 0.08206, 0.030208, 0.0, -0.087127, 0.902097, 0.422647, 0.05, 0.007432, -0.42366, 0.905791, 0.0, 0.0, 0.0, 0.0, 1.0],
                [0.996169, 0.08206, 0.030208, 0.0, -0.087127, 0.902097, 0.422647, 0.05, 0.007432, -0.42366, 0.905791, -0.0, 0.0, 0.0, 0.0, 1.0],
                [0.996169, 0.08206, 0.030208, 0.0, -0.087127, 0.902097, 0.422647, 0.05, 0.007432, -0.42366, 0.905791, -0.0, 0.0, 0.0, 0.0, 1.0],
                [0.997809, 0.062853, 0.020643, 0.0, -0.066112, 0.93604, 0.345627, 0.05, 0.002401, -0.346234, 0.938145, 0.0, 0.0, 0.0, 0.0, 1.0],
                [0.998838, 0.047724, -0.006641, 0.0, -0.0481, 0.995704, -0.079118, 0.05, 0.002837, 0.079345, 0.996843, 0.0, 0.0, 0.0, 0.0, 1.0],
                [0.99948, 0.032094, 0.003163, 0.0, -0.031995, 0.97451, 0.222054, 0.05, 0.004044, -0.222039, 0.975029, 0.0, 0.0, 0.0, 0.0, 1.0],
                [1.0, 0.0, 0.0, 0.0, 0.0, 0.948777, 0.315948, 0.05, 0.0, -0.315948, 0.948776, 0.0, 0.0, 0.0, 0.0, 1.0]
            ]
        },
        {
            "name": "Chest",
            "time": [0.0, 0.1, 0.2667, 0.4333, 0.4833, 0.55, 0.6, 0.6833, 0.75, 0.8, 0.85, 0.9, 0.95, 1.0, 1.05, 1.1, 1.15, 2.3333],
            "transform": [
                [0.97015, 0.116103, -0.212906, 0.0, -0.023924, 0.919482, 0.392404, 0.3, 0.241322, -0.375597, 0.894813, -0.0, 0.0, 0.0, 0.0, 1.0],
                [1.0, 0.0, -0.0, 0.0, -0.0, 1.0, 0.0, 0.3, 0.0, -0.0, 1.0, 0.0, 0.0, 0.0, 0.0, 1.0],
                [0.722219, 0.4066, -0.559533, -0.0, -0.33482, 0.913385, 0.231566, 0.3, 0.605224, 0.020101, 0.795802, 0.0, 0.0, 0.0, 0.0, 1.0],
                [0.968223, 0.165168, -0.187786, -0.0, -0.116529, 0.962341, 0.245604, 0.3, 0.22128, -0.215917, 0.951008, 0.0, 0.0, 0.0, 0.0, 1.0],
                [0.991367, 0.130055, 0.016664, -0.0, -0.129077, 0.945687, 0.298355, 0.3, 0.023044, -0.29793, 0.95431, -0.0, 0.0, 0.0, 0.0, 1.0],
                [0.953372, 0.053304, 0.297053, 0.0, -0.164562, 0.916897, 0.36362, 0.3, -0.252984, -0.395549, 0.882916, 0.0, 0.0, 0.0, 0.0, 1.0],
                [0.870458, -0.023162, 0.491698, 0.0, -0.204012, 0.892087, 0.403187, 0.3, -0.447976, -0.45127, 0.771799, -0.0, 0.0, 0.0, 0.0, 1.0],
                [0.648484, -0.168853, 0.742264, -0.0, -0.284997, 0.850317, 0.442423, 0.3, -0.705864, -0.498448, 0.503294, 0.0, 0.0, 0.0, 0.0, 1.0],
                [0.43052, -0.283264, 0.85698, 0.0, -0.352563, 0.821267, 0.448576, 0.3, -0.830874, -0.49526, 0.253703, 0.0, 0.0, 0.0, 0.0, 1.0],
                [0.430519, -0.283264, 0.85698, -0.0, -0.352563, 0.821267, 0.448576, 0.3, -0.830874, -0.49526, 0.253703, -0.0, 0.0, 0.0, 0.0, 1.0],
                [0.43052, -0.283264, 0.85698, 0.0, -0.352563, 0.821267, 0.448576, 0.3, -0.830874, -0.49526, 0.253703, 0.0, 0.0, 0.0, 0.0, 1.0],
                [0.430519, -0.283264, 0.85698, 0.0, -0.352563, 0.821267, 0.448576, 0.3, -0.830874, -0.49526, 0.253703, -0.0, 0.0, 0.0, 0.0, 1.0],
                [0.430519, -0.283264, 0.85698, -0.0, -0.352563, 0.821267, 0.448576, 0.3, -0.830874, -0.49526, 0.253703, -0.0, 0.0, 0.0, 0.0, 1.0],
                [0.43052, -0.283264, 0.85698, -0.0, -0.352563, 0.821267, 0.448576, 0.3, -0.830874, -0.49526, 0.253703, -0.0, 0.0, 0.0, 0.0, 1.0],
                [0.43052, -0.283264, 0.85698, -0.0, -0.352563, 0.821267, 0.448576, 0.3, -0.830874, -0.49526, 0.253703, -0.0, 0.0, 0.0, 0.0, 1.0],
                [0.43052, -0.283264, 0.85698, -0.0, -0.352563, 0.821267, 0.448576, 0.3, -0.830874, -0.49526, 0.253703, -0.0, 0.0, 0.0, 0.0, 1.0],
                [0.430519, -0.283264, 0.85698, -0.0, -0.352563, 0.821267, 0.448576, 0.3, -0.830874, -0.49526, 0.253703, 0.0, 0.0, 0.0, 0.0, 1.0],
                [1.0, 0.0, -0.0, 0.0, -0.0, 0.723276, 0.690559, 0.3, 0.0, -0.690559, 0.723276, 0.0, 0.0, 0.0, 0.0, 1.0]
            ]
        },
        {
            "name": "Head",
            "time": [0.0, 0.1, 0.1833, 0.2167, 0.2667, 0.4333, 0.4833, 0.55, 0.6, 0.6833, 0.75, 0.8, 0.85, 0.9, 0.95, 1.0, 1.05, 1.1, 1.15, 2.3333],
            "transform": [
                [0.790467, 0.115483, 0.601519, -0.0, -0.011268, 0.98464, -0.17423, 0.4, -0.6124, 0.130945, 0.779628, 0.0, 0.0, 0.0, 0.0, 1.0],
                [0.445197, -0.024033, 0.89511, -0.0, -0.337177, 0.921562, 0.192443, 0.4, -0.829525, -0.387486, 0.402173, 0.0, 0.0, 0.0, 0.0, 1.0],
                [0.821415, -0.12147, 0.557245, -0.0, 0.056507, 0.989582, 0.132417, 0.4, -0.567524, -0.077281, 0.819722, 0.0, 0.0, 0.0, 0.0, 1.0],
                [0.896518, -0.290729, 0.334264, -0.0, 0.237908, 0.952458, 0.190324, 0.4, -0.373705, -0.091105, 0.923063, 0.0, 0.0, 0.0, 0.0, 1.0],
                [0.975142, -0.215318, -0.052307, -0.0, 0.221546, 0.943287, 0.247236, 0.4, -0.003894, -0.252678, 0.967542, 0.0, 0.0, 0.0, 0.0, 1.0],
                [0.998173, 0.009148, 0.059731, -0.0, -0.026381, 0.95527, 0.294557, 0.4, -0.054365, -0.295594, 0.953765, 0.0, 0.0, 0.0, 0.0, 1.0],
                [0.999757, -0.001082, -0.022031, -0.0, 0.007474, 0.956331, 0.292188, 0.4, 0.020753, -0.292281, 0.956107, 0.0, 0.0, 0.0, 0.0, 1.0],
                [0.992289, -0.014112, -0.123141, -0.0, 0.049031, 0.957148, 0.285416, 0.4, 0.113836, -0.289253, 0.95046, 0.0, 0.0, 0.0, 0.0, 1.0],
                [0.980949, -0.023344, -0.192855, -0.0, 0.077482, 0.957386, 0.278223, 0.4, 0.178142, -0.287866, 0.940956, 0.0, 0.0, 0.0, 0.0, 1.0],
                [0.953968, -0.037608, -0.297542, -0.0, 0.119879, 0.957219, 0.263365, 0.4, 0.274908, -0.286911, 0.917664, 0.0, 0.0, 0.0, 0.0, 1.0],
                [0.927218, -0.047985, -0.371436, -0.0, 0.149553, 0.956695, 0.249736, 0.4, 0.343368, -0.287109, 0.894241, 0.0, 0.0, 0.0, 0.0, 1.0],
                [0.927217, -0.047985, -0.371436, -0.0, 0.149553, 0.956695, 0.249736, 0.4, 0.343368, -0.287109, 0.894241, 0.0, 0.0, 0.0, 0.0, 1.0],
                [0.927217, -0.047985, -0.371436, -0.0, 0.149553, 0.956695, 0.249736, 0.4, 0.343368, -0.287109, 0.894241, 0.0, 0.0, 0.0, 0.0, 1.0],
                [0.927217, -0.047985, -0.371436, -0.0, 0.149553, 0.956695, 0.249736, 0.4, 0.343368, -0.287109, 0.894241, 0.0, 0.0, 0.0, 0.0, 1.0],
                [0.927218, -0.047985, -0.371436, -0.0, 0.149553, 0.956695, 0.249736, 0.4, 0.343368, -0.287109, 0.894241, 0.0, 0.0, 0.0, 0.0, 1.0],
                [0.927218, -0.047985, -0.371436, -0.0, 0.149553, 0.956695, 0.249736, 0.4, 0.343368, -0.287109, 0.894241, 0.0, 0.0, 0.0, 0.0, 1.0],
                [0.927218, -0.047985, -0.371436, -0.0, 0.149553, 0.956695, 0.249736, 0.4, 0.343368, -0.287109, 0.894241, -0.0, 0.0, 0.0, 0.0, 1.0],
                [0.927217, -0.047985, -0.371436, -0.0, 0.149553, 0.956695, 0.249736, 0.4, 0.343368, -0.287109, 0.894241, 0.0, 0.0, 0.0, 0.0, 1.0],
                [0.927218, -0.047985, -0.371436, -0.0, 0.149553, 0.956695, 0.249736, 0.4, 0.343368, -0.287109, 0.894241, 0.0, 0.0, 0.0, 0.0, 1.0],
                [1.0, -0.0, 0.0, -0.0, 0.0, 0.919648, -0.392743, 0.4, -0.0, 0.392743, 0.919649, 0.0, 0.0, 0.0, 0.0, 1.0]
            ]
        },
        {
            "name": "Shoulder_R",
            "time": [0.0, 0.1, 0.2667, 0.4333, 0.4833, 0.55, 0.6, 0.6833, 0.75, 1.15, 2.3333],
            "transform": [
                [-0.201656, 0.890171, 0.408571, -0.0, -0.343801, -0.454929, 0.821486, 0.4, 0.917134, 0.02519, 0.397781, 0.0, 0.0, 0.0, 0.0, 1.0],
                [-0.000569, 0.910946, 0.412526, 0.0, 0.375059, -0.382218, 0.844536, 0.4, 0.927001, 0.155202, -0.341441, 0.0, 0.0, 0.0, 0.0, 1.0],
                [-0.258328, 0.794673, 0.549328, -0.0, 0.274193, -0.484931, 0.830457, 0.4, 0.926329, 0.365152, -0.092622, 0.0, 0.0, 0.0, 0.0, 1.0],
                [-0.594614, 0.433108, 0.677386, -0.0, 0.300666, -0.661599, 0.68694, 0.4, 0.745677, 0.612131, 0.263174, 0.0, 0.0, 0.0, 0.0, 1.0],
                [-0.489405, 0.707713, 0.509534, 0.0, 0.011504, -0.579, 0.815246, 0.4, 0.871981, 0.404847, 0.275224, 0.0, 0.0, 0.0, 0.0, 1.0],
                [-0.310887, 0.908471, 0.279338, -0.0, -0.216345, -0.353827, 0.909945, 0.4, 0.925496, 0.222456, 0.306543, 0.0, 0.0, 0.0, 0.0, 1.0],
                [-0.048072, 0.996165, 0.073101, 0.0, -0.273563, -0.083518, 0.95822, 0.4, 0.960651, 0.026066, 0.276529, 0.0, 0.0, 0.0, 0.0, 1.0],
                [-0.280936, 0.956104, 0.083301, -0.0, -0.476284, -0.214249, 0.852789, 0.4, 0.833203, 0.199904, 0.515568, 0.0, 0.0, 0.0, 0.0, 1.0],
                [-0.3618, 0.931967, 0.023191, 0.0, -0.561837, -0.237828, 0.792323, 0.4, 0.743935, 0.273633, 0.60966, 0.0, 0.0, 0.0, 0.0, 1.0],
                [-0.585257, 0.660003, -0.47103, -0.0, -0.809013, -0.514361, 0.284485, 0.4, -0.054518, 0.547566, 0.834985, 0.0, 0.0, 0.0, 0.0, 1.0],
                [0.0, 0.95212, 0.305742, 0.0, -1e-06, -0.305744, 0.952112, 0.4, 1.0, -1e-06, 1e-06, 0.0, 0.0, 0.0, 0.0, 1.0]
            ]
        },
        {
            "name": "Arm_R",
            "time": [0.0, 0.1, 0.2667, 0.4333, 0.4833, 0.55, 0.6, 0.6833, 0.75, 1.15, 1.5167, 2.3333],
            "transform": [
                [0.113976, -0.176909, -0.977606, -0.0, 0.80784, 0.58927, -0.012452, 0.39386, 0.578277, -0.78833, 0.210077, 0.0, 0.0, 0.0, 0.0, 1.0],
                [0.692786, -0.659564, 0.291588, 0.0, 0.717366, 0.671641, -0.185161, 0.39386, -0.073716, 0.337452, 0.938452, -0.0, 0.0, 0.0, 0.0, 1.0],
                [-0.039318, -0.242158, 0.96944, -0.0, 0.779678, 0.59935, 0.181334, 0.39386, -0.624945, 0.762981, 0.16524, 0.0, 0.0, 0.0, 0.0, 1.0],
                [0.130575, -0.974581, 0.18205, -0.0, 0.076702, 0.193001, 0.978197, 0.39386, -0.988468, -0.113765, 0.099954, 0.0, 0.0, 0.0, 0.0, 1.0],
                [0.134368, -0.9019, 0.410515, 0.0, 0.293508, 0.431906, 0.852826, 0.39386, -0.946468, 0.005897, 0.322749, -0.0, 0.0, 0.0, 0.0, 1.0],
                [0.154784, -0.984821, 0.07856, -0.0, 0.974348, 0.16532, 0.152706, 0.39386, -0.163376, 0.052908, 0.985146, 0.0, 0.0, 0.0, 0.0, 1.0],
                [0.026974, -0.99952, 0.015405, -0.0, 0.987772, 0.024283, -0.154022, 0.39386, 0.153574, 0.019371, 0.98795, 0.0, 0.0, 0.0, 0.0, 1.0],
                [0.091482, -0.992649, -0.079266, 0.0, 0.962515, 0.108553, -0.248567, 0.39386, 0.255344, -0.053555, 0.965368, -0.0, 0.0, 0.0, 0.0, 1.0],
                [0.262193, -0.960957, -0.088437, 0.0, 0.924176, 0.276418, -0.26362, 0.39386, 0.277773, -0.012612, 0.960566, 0.0, 0.0, 0.0, 0.0, 1.0],
                [0.972112, 0.224168, -0.068906, 0.0, -0.212471, 0.966221, 0.145853, 0.39386, 0.099274, -0.127145, 0.986904, 0.0, 0.0, 0.0, 0.0, 1.0],
                [0.863501, 0.010726, 0.504234, -0.0, -0.059054, 0.995048, 0.079963, 0.39386, -0.500879, -0.098825, 0.859858, -0.0, 0.0, 0.0, 0.0, 1.0],
                [0.856321, 0.175829, -0.485593, -0.0, 0.233168, 0.707347, 0.667304, 0.39386, 0.460813, -0.684651, 0.564718, 0.0, 0.0, 0.0, 0.0, 1.0]
            ]
        },
        {
            "name": "Hand_R",
            "time": [0.0, 0.1, 0.2667, 0.35, 0.4333, 0.4833, 0.55, 0.6, 0.6833, 0.75, 0.8, 0.85, 0.9, 0.95, 1.0, 1.05, 1.1, 1.15, 1.5167, 2.3333],
            "transform": [
                [0.590292, 0.382744, 0.710678, -0.0, 0.135776, 0.820808, -0.554833, 0.3, -0.795689, 0.424006, 0.432549, 0.0, 0.0, 0.0, 0.0, 1.0],
                [0.971955, 0.226305, -0.063952, 0.0, -0.13834, 0.330306, -0.933681, 0.300001, -0.190173, 0.916343, 0.35235, 0.0, 0.0, 0.0, 0.0, 1.0],
                [0.803497, 0.482721, 0.348387, 0.0, 0.03241, 0.548882, -0.835272, 0.3, -0.594426, 0.68243, 0.425379, -0.0, 0.0, 0.0, 0.0, 1.0],
                [0.736057, 0.534258, 0.415678, 0.0, 0.428453, 0.107714, -0.897121, 0.3, -0.524068, 0.838431, -0.149621, -0.0, 0.0, 0.0, 0.0, 1.0],
                [0.496566, 0.043728, 0.866897, 0.0, 0.866728, 0.02904, -0.497935, 0.3, -0.046949, 0.998622, -0.02348, 0.0, 0.0, 0.0, 0.0, 1.0],
                [0.437199, 0.02853, 0.898912, -0.0, 0.833729, 0.361966, -0.416985, 0.3, -0.337272, 0.931755, 0.134465, -0.0, 0.0, 0.0, 0.0, 1.0],
                [0.366409, -0.027676, 0.930042, 0.0, 0.627401, 0.745483, -0.224994, 0.300001, -0.687103, 0.665949, 0.290516, -0.0, 0.0, 0.0, 0.0, 1.0],
                [0.332001, -0.086934, 0.939264, -0.0, 0.387079, 0.9206, -0.051614, 0.300001, -0.8602, 0.380706, 0.339291, 0.0, 0.0, 0.0, 0.0, 1.0],
                [0.189942, -0.045697, 0.980731, 0.0, 0.292802, 0.956096, -0.012159, 0.3, -0.937117, 0.289469, 0.194983, 0.0, 0.0, 0.0, 0.0, 1.0],
                [0.070199, -0.023488, 0.997257, -0.0, 0.211397, 0.977367, 0.008138, 0.300001, -0.974876, 0.210246, 0.073575, 0.0, 0.0, 0.0, 0.0, 1.0],
                [0.070199, -0.023488, 0.997257, -0.0, 0.211397, 0.977367, 0.008138, 0.3, -0.974876, 0.210246, 0.073575, -0.0, 0.0, 0.0, 0.0, 1.0],
                [0.070199, -0.023488, 0.997257, -0.0, 0.211397, 0.977367, 0.008138, 0.300001, -0.974876, 0.210246, 0.073575, 0.0, 0.0, 0.0, 0.0, 1.0],
                [0.070199, -0.023488, 0.997257, 0.0, 0.211397, 0.977367, 0.008138, 0.300001, -0.974876, 0.210246, 0.073575, -0.0, 0.0, 0.0, 0.0, 1.0],
                [0.070199, -0.023488, 0.997257, -0.0, 0.211397, 0.977367, 0.008138, 0.300001, -0.974876, 0.210246, 0.073575, 0.0, 0.0, 0.0, 0.0, 1.0],
                [0.070199, -0.023488, 0.997257, -0.0, 0.211397, 0.977367, 0.008138, 0.3, -0.974876, 0.210246, 0.073575, -0.0, 0.0, 0.0, 0.0, 1.0],
                [0.070199, -0.023488, 0.997257, -0.0, 0.211397, 0.977367, 0.008138, 0.300001, -0.974876, 0.210246, 0.073575, -0.0, 0.0, 0.0, 0.0, 1.0],
                [0.070199, -0.023488, 0.997257, 0.0, 0.211397, 0.977367, 0.008138, 0.3, -0.974876, 0.210246, 0.073575, -0.0, 0.0, 0.0, 0.0, 1.0],
                [0.070199, -0.023488, 0.997257, -0.0, 0.211397, 0.977367, 0.008138, 0.300001, -0.974876, 0.210245, 0.073575, 0.0, 0.0, 0.0, 0.0, 1.0],
