{
    "animation": [
        {
            "name": "Root",
            "time": [0.0, 0.15, 0.1667, 0.25, 0.35, 0.75],
            "transform": [
                [1.0, 0.0, 0.0, -0.00679, 0.0, 0.0, -1.0, 0.001111, 0.0, 1.0, 0.0, 0.532111, 0.0, 0.0, 0.0, 1.0],
                [1.0, 0.0, 0.0, -0.00679, 0.0, 0.0, -1.0, 0.897624, 0.0, 1.0, 0.0, 0.532111, 0.0, 0.0, 0.0, 1.0],
                [1.0, 0.0, 0.0, -0.00679, 0.0, 0.0, -1.0, 1.023352, 0.0, 1.0, 0.0, 0.532111, 0.0, 0.0, 0.0, 1.0],
                [1.0, 0.0, 0.0, -0.00679, 0.0, 0.0, -1.0, 2.73659, 0.0, 1.0, 0.0, 0.532111, 0.0, 0.0, 0.0, 1.0],
                [1.0, 0.0, 0.0, -0.00679, 0.0, 0.0, -1.0, 2.869898, 0.0, 1.0, 0.0, 0.545331, 0.0, 0.0, 0.0, 1.0],
                [1.0, 0.0, 0.0, -0.00679, 0.0, 0.0, -1.0, 3.01856, 0.0, 1.0, 0.0, 0.658965, 0.0, 0.0, 0.0, 1.0]
            ]
        },
        {
            "name": "Thigh_R",
            "time": [0.0, 0.15, 0.25, 0.35, 0.75],
            "transform": [
                [0.987559, -0.124679, -0.095823, 0.122611, -0.032132, -0.75652, 0.65318, 0.00732, -0.15393, -0.641975, -0.751114, -0.017424, 0.0, 0.0, 0.0, 1.0],
                [0.989788, -0.141775, -0.014821, 0.122611, -0.114597, -0.853229, 0.508789, 0.005649, -0.084779, -0.501894, -0.860763, -0.012032, 0.0, 0.0, 0.0, 1.0],
                [0.987559, -0.15537, 0.024229, 0.122611, -0.150695, -0.891088, 0.428079, 0.004814, -0.044921, -0.426404, -0.903416, -0.009336, 0.0, 0.0, 0.0, 1.0],
                [0.987116, -0.093389, 0.129927, 0.122802, -0.131483, -0.936167, 0.32604, 0.003468, 0.091185, -0.338922, -0.936384, -0.007113, 0.0, 0.0, 0.0, 1.0],
                [0.626254, 0.315686, 0.712845, 0.124994, 0.406465, -0.912455, 0.046995, -0.002831, 0.665276, 0.260315, -0.699746, -1.2e-05, 0.0, 0.0, 0.0, 1.0]
            ]
        },
        {
            "name": "Leg_R",
            "time": [0.0, 0.15, 0.25, 0.35, 0.75],
            "transform": [
                [0.99172, -0.120676, 0.043929, -0.0, -0.036058, 0.066644, 0.997127, 0.37472, -0.123257, -0.990452, 0.061741, 0.0, 0.0, 0.0, 0.0, 1.0],
                [0.99172, -0.127187, 0.017774, -0.0, -0.036058, -0.142937, 0.989076, 0.37472, -0.123257, -0.981525, -0.14634, 0.0, 0.0, 0.0, 0.0, 1.0],
                [0.99172, -0.12835, 0.004348, 0.0, -0.036059, -0.245797, 0.968652, 0.37472, -0.123257, -0.960786, -0.24839, -0.0, 0.0, 0.0, 0.0, 1.0],
                [0.993331, -0.11512, 0.00633, 0.0, -0.022777, -0.142124, 0.989588, 0.37472, -0.113022, -0.983132, -0.143798, -0.0, 0.0, 0.0, 0.0, 1.0],
                [1.0, 0.0, 1e-06, 0.0, -0.0, 0.921708, 0.387895, 0.37472, -1e-06, -0.387899, 0.921698, -0.0, 0.0, 0.0, 0.0, 1.0]
            ]
        },
        {
            "name": "Knee_R",
            "time": [0.0, 0.15, 0.25, 0.35, 0.75],
            "transform": [
                [1.0, 0.0, -1e-06, -9.9e-05, -1e-06, 0.0, -1.0, 0.40892, -0.0, 1.0, 0.0, -0.00034, 0.0, 0.0, 0.0, 1.0],
                [1.0, 0.0, -1e-06, -9.9e-05, -1e-06, 0.0, -1.0, 0.40892, -0.0, 1.0, -0.0, -0.00034, 0.0, 0.0, 0.0, 1.0],
                [1.0, 0.0, -1e-06, -9.9e-05, -1e-06, 0.0, -1.0, 0.40892, -0.0, 1.0, 0.0, -0.00034, 0.0, 0.0, 0.0, 1.0],
                [1.0, 0.0, -1e-06, -9.1e-05, -1e-06, 0.0, -1.0, 0.406181, -0.0, 1.0, 0.0, -0.000313, 0.0, 0.0, 0.0, 1.0],
                [1.0, 0.0, -0.0, 0.0, -0.0, 0.0, -1.0, 0.37472, -0.0, 1.0, 0.0, -0.0, 0.0, 0.0, 0.0, 1.0]
            ]
        },
        {
            "name": "Thigh_L",
            "time": [0.0, 0.15, 0.25, 0.35, 0.75],
            "transform": [
                [0.982072, 0.186837, -0.025023, -0.122199, 0.186761, -0.946354, 0.263689, -0.002585, 0.025586, -0.263635, -0.964283, 0.0016, 0.0, 0.0, 0.0, 1.0],
                [0.982072, 0.186837, -0.025023, -0.122199, 0.162626, -0.906876, -0.38875, 0.001927, -0.095326, 0.377711, -0.921004, 0.008602, 0.0, 0.0, 0.0, 1.0],
                [0.982072, 0.186837, -0.025023, -0.122199, 0.123174, -0.736515, -0.665111, 0.004183, -0.142697, 0.650104, -0.746326, 0.012103, 0.0, 0.0, 0.0, 1.0],
                [0.982953, 0.16631, -0.078386, -0.122424, 0.08954, -0.805386, -0.585947, 0.003621, -0.16058, 0.568939, -0.806549, 0.011132, 0.0, 0.0, 0.0, 1.0],
                [0.962645, -0.166666, -0.213394, -0.125006, -0.0, -0.78811, 0.615534, -0.002831, -0.270767, -0.592541, -0.75867, -1.2e-05, 0.0, 0.0, 0.0, 1.0]
            ]
        },
        {
            "name": "Leg_L",
            "time": [0.0, 0.15, 0.25, 0.35, 0.75],
            "transform": [
                [0.998934, -0.046162, 0.000397, 0.0, 0.00683, 0.156302, 0.987686, 0.37472, -0.045656, -0.986629, 0.156451, 0.0, 0.0, 0.0, 0.0, 1.0],
                [0.998934, -0.035419, 0.029607, 0.0, 0.00683, 0.747684, 0.66402, 0.37472, -0.045656, -0.663109, 0.747129, 0.0, 0.0, 0.0, 0.0, 1.0],
                [0.998934, -0.023569, 0.039694, -0.0, 0.00683, 0.925835, 0.377865, 0.374721, -0.045656, -0.37719, 0.92501, 0.0, 0.0, 0.0, 0.0, 1.0],
                [0.999136, -0.019042, 0.036933, -0.0, 0.002732, 0.917, 0.398878, 0.37472, -0.041463, -0.398432, 0.916261, 0.0, 0.0, 0.0, 0.0, 1.0],
                [1.0, 0.0, 1e-06, -0.0, -1e-06, 0.781431, 0.623992, 0.374721, -1e-06, -0.623992, 0.781431, -0.0, 0.0, 0.0, 0.0, 1.0]
            ]
        },
        {
            "name": "Knee_L",
            "time": [0.0, 0.15, 0.25, 0.35, 0.75],
            "transform": [
                [1.0, 0.0, -1e-06, 8e-05, -1e-06, 0.0, -1.0, 0.402191, -0.0, 1.0, 0.0, -0.000273, 0.0, 0.0, 0.0, 1.0],
                [1.0, 0.0, -1e-06, 8e-05, -1e-06, 0.0, -1.0, 0.402191, -0.0, 1.0, 0.0, -0.000273, 0.0, 0.0, 0.0, 1.0],
                [1.0, 0.0, -1e-06, 8e-05, -1e-06, 0.0, -1.0, 0.402191, -0.0, 1.0, 0.0, -0.000273, 0.0, 0.0, 0.0, 1.0],
                [1.0, 0.0, -1e-06, 7.3e-05, -1e-06, 0.0, -1.0, 0.399991, -0.0, 1.0, 0.0, -0.000251, 0.0, 0.0, 0.0, 1.0],
                [1.0, 0.0, -0.0, -0.0, -0.0, 0.0, -1.0, 0.374721, -0.0, 1.0, 0.0, -0.0, 0.0, 0.0, 0.0, 1.0]
            ]
        },
        {
            "name": "Torso",
            "time": [0.0, 0.15, 0.25, 0.35, 0.75],
            "transform": [
                [0.970254, -0.216276, -0.108776, 0.0, 0.241973, 0.852375, 0.463579, 0.05, -0.007543, -0.47611, 0.879353, 0.0, 0.0, 0.0, 0.0, 1.0],
                [0.970254, -0.216276, -0.108776, 0.0, 0.228879, 0.67309, 0.703253, 0.05, -0.078881, -0.707231, 0.702569, 0.0, 0.0, 0.0, 0.0, 1.0],
                [0.970254, -0.216276, -0.108776, 0.0, 0.214528, 0.559893, 0.800311, 0.05, -0.112185, -0.79984, 0.589636, 0.0, 0.0, 0.0, 0.0, 1.0],
                [0.97462, -0.202441, -0.095568, 0.0, 0.200904, 0.602618, 0.772327, 0.05, -0.09876, -0.771926, 0.627995, 0.0, 0.0, 0.0, 0.0, 1.0],
                [1.0, 0.0, 0.0, 0.0, 0.0, 0.948777, 0.315948, 0.05, 0.0, -0.315948, 0.948776, 0.0, 0.0, 0.0, 0.0, 1.0]
            ]
        },
        {
            "name": "Chest",
            "time": [0.0, 0.15, 0.25, 0.35, 0.75],
            "transform": [
                [0.675799, 0.597472, -0.431651, -0.0, 0.060581, 0.538613, 0.840372, 0.3, 0.734592, -0.594073, 0.327799, 0.0, 0.0, 0.0, 0.0, 1.0],
                [0.714305, 0.539698, -0.445527, -0.0, 0.280267, 0.362732, 0.88875, 0.3, 0.641263, -0.759705, 0.107842, 0.0, 0.0, 0.0, 0.0, 1.0],
                [1.0, 0.0, -0.0, 0.0, -0.0, 1.0, 0.0, 0.3, 0.0, -0.0, 1.0, 0.0, 0.0, 0.0, 0.0, 1.0],
                [1.0, 0.0, -0.0, 0.0, -0.0, 0.998205, 0.059884, 0.3, 0.0, -0.059884, 0.998205, -0.0, 0.0, 0.0, 0.0, 1.0],
                [1.0, 0.0, -0.0, 0.0, -0.0, 0.723276, 0.690559, 0.3, 0.0, -0.690559, 0.723276, 0.0, 0.0, 0.0, 0.0, 1.0]
            ]
        },
        {
            "name": "Head",
            "time": [0.0, 0.15, 0.25, 0.35, 0.75],
            "transform": [
                [0.874689, -0.225655, 0.428951, -0.0, 0.227015, 0.972669, 0.048771, 0.4, -0.428233, 0.054718, 0.90201, 0.0, 0.0, 0.0, 0.0, 1.0],
                [0.879902, -0.421295, 0.219735, -0.0, 0.349111, 0.886914, 0.302498, 0.4, -0.322327, -0.189456, 0.927476, 0.0, 0.0, 0.0, 0.0, 1.0],
                [0.959144, 0.178213, 0.219735, -0.0, -0.240662, 0.922268, 0.302497, 0.4, -0.148746, -0.34302, 0.927476, 0.0, 0.0, 0.0, 0.0, 1.0],
                [0.971673, 0.177375, 0.156173, -0.0, -0.213285, 0.942793, 0.256223, 0.4, -0.101791, -0.282275, 0.953918, 0.0, 0.0, 0.0, 0.0, 1.0],
                [1.0, -0.0, 0.0, -0.0, 0.0, 0.919648, -0.392743, 0.4, -0.0, 0.392743, 0.919649, 0.0, 0.0, 0.0, 0.0, 1.0]
            ]
        },
        {
            "name": "Shoulder_R",
            "time": [0.0, 0.15, 0.25, 0.35, 0.75],
            "transform": [
                [0.141225, 0.881254, 0.451052, -0.0, 0.073267, -0.463673, 0.882971, 0.4, 0.987262, -0.09165, -0.130049, 0.0, 0.0, 0.0, 0.0, 1.0],
                [-0.170889, 0.817107, 0.550576, 0.0, 0.058219, -0.549446, 0.833498, 0.4, 0.983569, 0.17449, 0.046324, 0.0, 0.0, 0.0, 0.0, 1.0],
                [-0.32215, 0.751287, 0.57601, 0.0, 0.062434, -0.590263, 0.804793, 0.4, 0.944628, 0.295226, 0.143247, 0.0, 0.0, 0.0, 0.0, 1.0],
                [-0.29833, 0.774099, 0.558364, 0.0, 0.053668, -0.570474, 0.81956, 0.4, 0.952953, 0.274466, 0.128645, 0.0, 0.0, 0.0, 0.0, 1.0],
                [0.0, 0.95212, 0.305742, 0.0, -1e-06, -0.305744, 0.952112, 0.4, 1.0, -1e-06, 1e-06, 0.0, 0.0, 0.0, 0.0, 1.0]
            ]
        },
        {
            "name": "Arm_R",
            "time": [0.0, 0.15, 0.25, 0.35, 0.75],
            "transform": [
                [-0.478149, -0.592871, -0.647979, -0.0, 0.678753, 0.218772, -0.701023, 0.39386, 0.557376, -0.775012, 0.297808, -0.0, 0.0, 0.0, 0.0, 1.0],
                [-0.600664, -0.689854, -0.40411, 0.0, 0.623056, -0.087164, -0.777306, 0.39386, 0.501003, -0.718683, 0.482174, -0.0, 0.0, 0.0, 0.0, 1.0],
                [-0.330468, -0.255082, -0.908694, -0.0, 0.816519, 0.405626, -0.41081, 0.39386, 0.47338, -0.877725, 0.074233, 0.0, 0.0, 0.0, 0.0, 1.0],
                [-0.023369, -0.181194, -0.98317, 0.0, 0.829073, 0.546037, -0.120339, 0.39386, 0.558652, -0.817932, 0.137462, 0.0, 0.0, 0.0, 0.0, 1.0],
                [0.856321, 0.175829, -0.485593, 0.0, 0.233168, 0.707347, 0.667304, 0.39386, 0.460813, -0.684651, 0.564718, 0.0, 0.0, 0.0, 0.0, 1.0]
            ]
        },
        {
            "name": "Hand_R",
            "time": [0.0, 0.15, 0.25, 0.35, 0.75],
            "transform": [
                [1.0, 0.0, -0.0, 0.0, -0.0, 0.931293, -0.364273, 0.300001, 0.0, 0.364273, 0.931293, -0.0, 0.0, 0.0, 0.0, 1.0],
                [1.0, 0.0, -0.0, 0.0, -0.0, 0.931293, -0.364273, 0.3, 0.0, 0.364273, 0.931293, -0.0, 0.0, 0.0, 0.0, 1.0],
                [1.0, 0.0, -0.0, -0.0, -0.0, 0.931293, -0.364273, 0.300001, 0.0, 0.364273, 0.931293, -0.0, 0.0, 0.0, 0.0, 1.0],
                [0.993021, -0.047504, 0.107951, -0.0, 0.087452, 0.910704, -0.403698, 0.300001, -0.079134, 0.410321, 0.908502, 0.0, 0.0, 0.0, 0.0, 1.0],
                [-0.028933, -0.008958, 0.999544, 0.0, 0.945671, 0.323712, 0.030275, 0.300001, -0.323834, 0.946118, -0.000895, -0.0, 0.0, 0.0, 0.0, 1.0]
            ]
        },
        {
            "name": "Tool_R",
            "time": [0.0, 0.15, 0.25, 0.35, 0.75],
            "transform": [
                [-1.000342, -0.0, -0.0, 0.005038, 1e-06, -0.85174, -0.523794, 0.275674, -0.0, -0.523403, 0.850124, -0.004491, 0.0, 0.0, 0.0, 1.0],
                [-1.000342, -0.0, -0.0, 0.005038, 1e-06, -0.85174, -0.523794, 0.275674, -0.0, -0.523403, 0.850124, -0.004491, 0.0, 0.0, 0.0, 1.0],
                [-1.000342, -0.0, -0.0, 0.005038, 1e-06, -0.85174, -0.523794, 0.275674, -0.0, -0.523403, 0.850124, -0.004491, 0.0, 0.0, 0.0, 1.0],
                [-0.985257, 0.045557, -0.166518, 0.004634, 0.048591, -0.852735, -0.519284, 0.275449, -0.165714, -0.519527, 0.83552, -0.004131, 0.0, 0.0, 0.0, 1.0],
                [0.999979, 0.0, 0.0, 0.0, 0.0, -0.99814, 0.017925, 0.272858, 0.0, -0.018091, -0.987662, 0.0, 0.0, 0.0, 0.0, 1.0]
            ]
        },
        {
            "name": "Elbow_R",
            "time": [0.0, 0.15, 0.25, 0.35, 0.75],
            "transform": [
                [-1.0, 0.0, -0.0, 0.0, 0.0, 0.0, -1.0, 0.299999, -0.0, -0.999999, -0.0, -0.0, 0.0, 0.0, 0.0, 1.0],
                [-1.0, 0.0, -0.0, 0.0, 0.0, 0.0, -1.0, 0.299999, -0.0, -0.999999, -0.0, -0.0, 0.0, 0.0, 0.0, 1.0],
                [-1.0, 0.0, -0.0, 0.0, 0.0, 0.0, -1.0, 0.3, -0.0, -0.999999, -0.0, -0.0, 0.0, 0.0, 0.0, 1.0],
                [-1.0, 0.0, -0.0, 0.0, 0.0, 0.0, -1.0, 0.299999, -0.0, -0.999999, -0.0, -0.0, 0.0, 0.0, 0.0, 1.0],
                [-0.999999, 0.0, -0.0, 0.0, 0.0, 0.0, -1.0, 0.3, -0.0, -0.999995, -0.0, -0.0, 0.0, 0.0, 0.0, 1.0]
            ]
        },
        {
            "name": "Shoulder_L",
            "time": [0.0, 0.15, 0.25, 0.35, 0.75],
            "transform": [
                [0.087083, -0.803689, -0.588643, -0.0, 0.985273, -0.017798, 0.17006, 0.399999, -0.147152, -0.594784, 0.790303, 0.0, 0.0, 0.0, 0.0, 1.0],
                [0.210368, -0.55586, -0.804218, 0.0, 0.976892, 0.08773, 0.194899, 0.399999, -0.037782, -0.826635, 0.56147, -0.0, 0.0, 0.0, 0.0, 1.0],
                [0.278909, -0.432099, -0.857614, -0.0, 0.959762, 0.09504, 0.264244, 0.399998, -0.032672, -0.896805, 0.441219, 0.0, 0.0, 0.0, 0.0, 1.0],
                [0.352596, -0.449317, -0.820848, 0.0, 0.916674, -0.010491, 0.3995, 0.399999, -0.188113, -0.893312, 0.408177, -0.0, 0.0, 0.0, 0.0, 1.0],
                [-2e-06, -0.952118, -0.305741, 0.0, 4e-06, -0.305741, 0.952116, 0.399999, -1.000004, 0.0, 4e-06, -0.0, 0.0, 0.0, 0.0, 1.0]
            ]
        },
        {
            "name": "Arm_L",
            "time": [0.0, 0.15, 0.25, 0.35, 0.75],
            "transform": [
                [-0.888922, 0.306227, -0.34065, 0.0, 0.242071, -0.317294, -0.916911, 0.39386, -0.38887, -0.897524, 0.207921, -0.0, 0.0, 0.0, 0.0, 1.0],
                [-0.794715, 0.271194, -0.543031, 0.0, 0.506465, -0.196825, -0.839496, 0.39386, -0.334548, -0.942186, 0.01907, -0.0, 0.0, 0.0, 0.0, 1.0],
                [-0.997254, -0.04511, -0.058729, -0.0, 0.068188, -0.250019, -0.965837, 0.39386, 0.028886, -0.96719, 0.252408, 0.0, 0.0, 0.0, 0.0, 1.0],
                [-0.93021, 0.067978, 0.360676, -0.0, -0.366879, -0.200009, -0.908513, 0.39386, 0.010379, -0.977433, 0.210991, 0.0, 0.0, 0.0, 0.0, 1.0],
                [0.877478, -0.004042, 0.479593, -0.0, -0.341434, 0.696991, 0.630573, 0.39386, -0.336821, -0.717067, 0.610216, -0.0, 0.0, 0.0, 0.0, 1.0]
            ]
        },
        {
            "name": "Hand_L",
            "time": [0.0, 0.15, 0.25, 0.35, 0.75],
            "transform": [
                [-0.207665, 0.073037, 0.97547, 0.0, -0.001155, 0.99719, -0.07491, 0.3, -0.978199, -0.016683, -0.206997, -0.0, 0.0, 0.0, 0.0, 1.0],
                [-0.175386, -0.050364, 0.983211, -0.0, 0.008991, 0.998568, 0.052755, 0.3, -0.984459, 0.018093, -0.174681, -0.0, 0.0, 0.0, 0.0, 1.0],
                [-0.159716, -0.112259, 0.98076, -0.0, 0.015612, 0.993102, 0.116214, 0.3, -0.98704, 0.033872, -0.156862, -0.0, 0.0, 0.0, 0.0, 1.0],
                [-0.005274, -0.006573, 0.999965, 0.0, 0.036435, 0.999314, 0.006761, 0.3, -0.999322, 0.036469, -0.005031, -0.0, 0.0, 0.0, 0.0, 1.0],
                [0.161134, -0.019774, -0.986736, 0.0, -0.965048, 0.206233, -0.161725, 0.300001, 0.206695, 0.978307, 0.014148, 0.0, 0.0, 0.0, 0.0, 1.0]
            ]
        },
        {
            "name": "Tool_L",
            "time": [0.0, 0.15, 0.25, 0.35, 0.75],
            "transform": [
                [0.857944, 5.2e-05, 0.512178, -0.01019, 0.10464, -0.978807, -0.176148, 0.282189, 0.499635, 0.204646, -0.84157, -0.001251, 0.0, 0.0, 0.0, 1.0],
                [0.857944, 5.2e-05, 0.512178, -0.01019, 0.10464, -0.978807, -0.176148, 0.282189, 0.499635, 0.204646, -0.84157, -0.001251, 0.0, 0.0, 0.0, 1.0],
                [0.857944, 5.2e-05, 0.512178, -0.01019, 0.10464, -0.978807, -0.176148, 0.282189, 0.499635, 0.204646, -0.84157, -0.001251, 0.0, 0.0, 0.0, 1.0],
                [0.878925, 0.004452, 0.475181, -0.009373, 0.092801, -0.98222, -0.16329, 0.281441, 0.464559, 0.187549, -0.865352, -0.001151, 0.0, 0.0, 0.0, 1.0],
                [1.0, 0.0, 0.0, -0.0, 0.0, -0.999831, 0.018116, 0.272858, 0.0, -0.018122, -0.998896, 0.0, 0.0, 0.0, 0.0, 1.0]
            ]
        },
        {
            "name": "Elbow_L",
            "time": [0.0, 0.15, 0.25, 0.35, 0.75],
            "transform": [
                [-0.789586, 0.0, -0.61364, 0.006275, 0.61364, 0.0, -0.789586, 0.297863, -0.0, -1.0, -0.0, 0.0, 0.0, 0.0, 0.0, 1.0],
                [-0.789586, 0.0, -0.61364, 0.006275, 0.61364, 0.0, -0.789586, 0.297863, -0.0, -1.0, -0.0, 0.0, 0.0, 0.0, 0.0, 1.0],
                [-0.789586, 0.0, -0.61364, 0.006275, 0.61364, 0.0, -0.789586, 0.297863, -0.0, -1.0, -0.0, -0.0, 0.0, 0.0, 0.0, 1.0],
                [-0.820516, 0.0, -0.571623, 0.005773, 0.571623, 0.0, -0.820516, 0.298034, -0.0, -1.0, -0.0, -0.0, 0.0, 0.0, 0.0, 1.0],
                [-1.000001, 0.0, 1e-06, 0.0, -1e-06, 0.0, -1.0, 0.3, -0.0, -1.0, -0.0, 0.0, 0.0, 0.0, 0.0, 1.0]
            ]
        }
    ]
}