{
    "animation": [
        {
            "name": "Root",
            "time": [0.0, 0.1667, 0.2833, 0.35, 0.4, 0.5167, 0.6833, 0.8, 1.1333, 1.5667, 1.95],
            "transform": [
                [0.192077, 0.0, -0.98138, 1.7e-05, -0.98138, 0.0, -0.192077, 0.000905, 0.0, 1.0, 0.0, 0.56874, 0.0, 0.0, 0.0, 1.0],
                [0.753567, 0.0, -0.657371, 0.740813, -0.657371, 0.0, -0.753567, 0.728557, 0.0, 1.0, 0.0, 0.466194, 0.0, 0.0, 0.0, 1.0],
                [0.753567, 0.0, -0.657371, 0.779217, -0.657371, 0.0, -0.753567, 0.788713, 0.0, 1.0, 0.0, 0.373979, 0.0, 0.0, 0.0, 1.0],
                [0.905527, 0.0, -0.424288, 0.370415, -0.424288, 0.0, -0.905527, 0.838161, 0.0, 1.0, 0.0, 0.517467, 0.0, 0.0, 0.0, 1.0],
                [0.988115, 0.0, 0.153716, -0.026692, 0.153716, 0.0, -0.988115, 0.875247, 0.0, 1.0, 0.0, 0.56874, 0.0, 0.0, 0.0, 1.0],
                [0.04499, 0.0, 0.998987, -0.471565, 0.998987, 0.0, -0.04499, 0.510782, 0.0, 1.0, 0.0, 0.56874, 0.0, 0.0, 0.0, 1.0],
                [-0.151961, 0.133318, 0.979354, -0.589389, 0.987365, -0.024562, 0.156548, 0.441036, 0.044925, 0.990769, -0.127901, 0.494419, 0.0, 0.0, 0.0, 1.0],
                [-0.46239, 0.365975, 0.807625, -0.615882, 0.867831, -0.0, 0.49686, 0.43307, 0.181838, 0.930625, -0.317605, 0.445782, 0.0, 0.0, 0.0, 1.0],
                [-0.537527, 0.124934, 0.83394, -0.67702, 0.841157, 0.009874, 0.5407, 0.436755, 0.059317, 0.992116, -0.110397, 0.585817, 0.0, 0.0, 0.0, 1.0],
                [-0.195933, 0.033378, -0.980049, -0.317776, -0.974435, 0.10542, 0.198401, 0.205488, 0.109939, 0.993868, 0.011869, 0.62463, 0.0, 0.0, 0.0, 1.0],
                [1.0, 0.0, 0.0, 1.7e-05, 0.0, 0.0, -1.0, 0.000905, 0.0, 1.0, 0.0, 0.658965, 0.0, 0.0, 0.0, 1.0]
            ]
        },
        {
            "name": "Thigh_R",
            "time": [0.0, 0.1667, 0.2833, 0.35, 0.4, 0.45, 0.5167, 0.6, 0.6833, 0.8, 1.1333, 1.2667, 1.35, 1.3833, 1.65, 1.95],
            "transform": [
                [0.942247, 0.228541, -0.244823, 0.127374, 0.330489, -0.752946, 0.569076, -0.002042, -0.054282, -0.617122, -0.784992, -0.003121, 0.0, 0.0, 0.0, 1.0],
                [0.942247, 0.070887, -0.327329, 0.127374, 0.330489, -0.355198, 0.87442, -0.002042, -0.054282, -0.932099, -0.358112, -0.003121, 0.0, 0.0, 0.0, 1.0],
                [0.930459, 0.023135, -0.365662, 0.127374, 0.364069, -0.170623, 0.915609, -0.002042, -0.041207, -0.985064, -0.16718, -0.003121, 0.0, 0.0, 0.0, 1.0],
                [0.670459, 0.731555, -0.123738, 0.128382, 0.729705, -0.619993, 0.28834, 0.004283, 0.13422, -0.283612, -0.949499, -0.006706, 0.0, 0.0, 0.0, 1.0],
                [0.671272, 0.740099, 0.040577, 0.129389, 0.739838, -0.665694, -0.097421, 0.010609, -0.04509, 0.095417, -0.994415, -0.01029, 0.0, 0.0, 0.0, 1.0],
                [0.556101, 0.747225, 0.363876, 0.138016, 0.830993, -0.507373, -0.228084, -0.014084, 0.014191, 0.429216, -0.903089, 0.024472, 0.0, 0.0, 0.0, 1.0],
                [0.751087, 0.246066, 0.612632, 0.149517, 0.585835, -0.676265, -0.44661, -0.04701, 0.304406, 0.694345, -0.652089, 0.070821, 0.0, 0.0, 0.0, 1.0],
                [0.95851, 0.281873, 0.042472, 0.143721, 0.265959, -0.937935, 0.222578, 0.008599, 0.102575, -0.202048, -0.973988, 0.015082, 0.0, 0.0, 0.0, 1.0],
                [0.967172, -0.048026, -0.249539, 0.137925, 0.029345, -0.954301, 0.297399, 0.064208, -0.252418, -0.294959, -0.921565, -0.040658, 0.0, 0.0, 0.0, 1.0],
                [0.933148, -0.260043, -0.248216, 0.145508, -0.231595, -0.962948, 0.138172, 0.111825, -0.27495, -0.071449, -0.958799, -0.067638, 0.0, 0.0, 0.0, 1.0],
                [0.937321, -0.170935, -0.30366, 0.145471, -0.21297, -0.970739, -0.110936, 0.111619, -0.275812, 0.168653, -0.946299, -0.067516, 0.0, 0.0, 0.0, 1.0],
                [0.925395, -0.121189, -0.359105, 0.143963, -0.18776, -0.969647, -0.156617, 0.103186, -0.329226, 0.212358, -0.920061, -0.062542, 0.0, 0.0, 0.0, 1.0],
                [0.996748, -0.020176, -0.078014, 0.142124, -0.056611, -0.864311, -0.499758, 0.092909, -0.057345, 0.502549, -0.862643, -0.05648, 0.0, 0.0, 0.0, 1.0],
                [0.997576, -0.062666, 0.030237, 0.141406, -0.038807, -0.861799, -0.50576, 0.088895, 0.057753, 0.503361, -0.862143, -0.054113, 0.0, 0.0, 0.0, 1.0],
                [0.776328, 0.299137, 0.554825, 0.130908, 0.5511, -0.749351, -0.367097, 0.030226, 0.305947, 0.590751, -0.746598, -0.019509, 0.0, 0.0, 0.0, 1.0],
                [0.626254, 0.315686, 0.712845, 0.124994, 0.406465, -0.912455, 0.046995, -0.002831, 0.665276, 0.260315, -0.699746, -1.2e-05, 0.0, 0.0, 0.0, 1.0]
            ]
        },
        {
            "name": "Leg_R",
            "time": [0.0, 0.1667, 0.2833, 0.35, 0.4, 0.5167, 0.6, 0.6833, 0.8, 1.1333, 1.2667, 1.35, 1.3833, 1.95],
            "transform": [
                [0.999235, 0.035016, 0.017428, -0.0, -0.024329, 0.207557, 0.977922, 0.37472, 0.030626, -0.977595, 0.20825, 0.0, 0.0, 0.0, 0.0, 1.0],
                [0.999235, 0.035017, 0.017428, 0.0, -0.024329, 0.207557, 0.977922, 0.37472, 0.030626, -0.977595, 0.20825, -0.0, 0.0, 0.0, 0.0, 1.0],
                [0.997124, 0.06496, 0.039031, -0.0, -0.024094, -0.216569, 0.975971, 0.37472, 0.071852, -0.974102, -0.214382, -0.0, 0.0, 0.0, 0.0, 1.0],
                [0.996771, 0.005485, -0.080105, 0.0, -0.005421, 0.999984, 0.001024, 0.37472, 0.080109, -0.000587, 0.996787, 0.0, 0.0, 0.0, 0.0, 1.0],
                [0.990862, 0.056512, -0.122475, -0.0, -0.004857, 0.922362, 0.386295, 0.37472, 0.134797, -0.382169, 0.914209, -0.0, 0.0, 0.0, 0.0, 1.0],
                [0.975152, -0.089589, 0.202613, 0.0, -0.005075, 0.90531, 0.424722, 0.37472, -0.221478, -0.415197, 0.882361, -0.0, 0.0, 0.0, 0.0, 1.0],
                [0.993613, 0.025481, 0.109921, 0.0, -0.112829, 0.213674, 0.970368, 0.37472, 0.001239, -0.976572, 0.215184, -0.0, 0.0, 0.0, 0.0, 1.0],
                [0.998896, 0.040987, 0.02296, 0.0, -0.030459, 0.192937, 0.980738, 0.37472, 0.035768, -0.980355, 0.193972, 0.0, 0.0, 0.0, 0.0, 1.0],
                [0.998169, 0.054836, 0.025532, 0.0, -0.043509, 0.357638, 0.932847, 0.37472, 0.042022, -0.932249, 0.359369, -0.0, 0.0, 0.0, 0.0, 1.0],
                [0.999028, 0.043612, 0.006323, 0.0, -0.034775, 0.692072, 0.720991, 0.37472, 0.027068, -0.72051, 0.692917, 0.0, 0.0, 0.0, 0.0, 1.0],
                [0.999321, 0.03661, 0.004051, -0.0, -0.029814, 0.739408, 0.672598, 0.37472, 0.021628, -0.672263, 0.739997, 0.0, 0.0, 0.0, 0.0, 1.0],
                [0.999412, 0.033564, -0.007058, -0.0, -0.029083, 0.938391, 0.344351, 0.37472, 0.018181, -0.343943, 0.938815, 0.0, 0.0, 0.0, 0.0, 1.0],
                [0.999869, 0.015085, -0.005881, 0.0, -0.012428, 0.947881, 0.318384, 0.37472, 0.010377, -0.318269, 0.947945, 0.0, 0.0, 0.0, 0.0, 1.0],
                [1.0, 0.0, 1e-06, -0.0, -0.0, 0.921708, 0.387895, 0.37472, -1e-06, -0.387899, 0.921698, -0.0, 0.0, 0.0, 0.0, 1.0]
            ]
        },
        {
            "name": "Knee_R",
            "time": [0.0, 0.1667, 0.2833, 0.4, 0.45, 0.6833, 0.8, 1.1333, 1.95],
            "transform": [
                [1.0, 0.0, -0.0, 0.0, -0.0, 0.0, -1.0, 0.37472, -0.0, 1.0, 0.0, 0.0, 0.0, 0.0, 0.0, 1.0],
                [1.0, 0.0, -1e-06, 0.0, -0.0, 0.0, -1.0, 0.37472, -0.0, 1.0, 0.0, -0.0, 0.0, 0.0, 0.0, 1.0],
                [1.0, 0.0, -0.0, -0.0, -0.0, 0.0, -1.0, 0.37472, -0.0, 1.0, 0.0, -0.0, 0.0, 0.0, 0.0, 1.0],
                [1.0, 0.0, -1e-06, -0.0, -0.0, 0.0, -1.0, 0.37472, -0.0, 1.0, 0.0, -0.0, 0.0, 0.0, 0.0, 1.0],
                [1.0, 0.0, -0.0, -0.0, -0.0, 0.0, -1.0, 0.37472, -0.0, 1.0, 0.0, -0.0, 0.0, 0.0, 0.0, 1.0],
                [1.0, 0.0, -0.0, 0.0, -0.0, 0.0, -1.0, 0.37472, -0.0, 1.0, 0.0, 0.0, 0.0, 0.0, 0.0, 1.0],
                [1.0, 0.0, -0.0, 0.0, -0.0, 0.0, -1.0, 0.37472, -0.0, 1.0, 0.0, -0.0, 0.0, 0.0, 0.0, 1.0],
                [1.0, 0.0, -0.0, 0.0, -0.0, 0.0, -1.0, 0.37472, -0.0, 1.0, 0.0, 0.0, 0.0, 0.0, 0.0, 1.0],
                [1.0, 0.0, -0.0, -0.0, -0.0, 0.0, -1.0, 0.37472, -0.0, 1.0, 0.0, -0.0, 0.0, 0.0, 0.0, 1.0]
            ]
        },
        {
            "name": "Thigh_L",
            "time": [0.0, 0.0167, 0.0333, 0.05, 0.0833, 0.1167, 0.15, 0.1667, 0.2833, 0.35, 0.4, 0.45, 0.4833, 0.5167, 0.6833, 0.8, 1.1333, 1.25, 1.3833, 1.5167, 1.65, 1.95],
            "transform": [
                [0.998324, -0.046173, 0.034892, -0.129131, -0.057609, -0.73527, 0.675322, -0.001708, -0.005527, -0.6762, -0.736697, -0.00209, 0.0, 0.0, 0.0, 1.0],
                [0.990857, -0.134588, -0.009392, -0.129131, -0.056844, -0.479603, 0.875642, -0.001709, -0.122355, -0.867102, -0.482869, -0.00209, 0.0, 0.0, 0.0, 1.0],
                [0.994379, -0.072575, -0.077093, -0.129131, 0.030209, -0.503384, 0.863535, -0.001708, -0.101478, -0.861009, -0.498362, -0.00209, 0.0, 0.0, 0.0, 1.0],
                [0.991168, -0.070166, -0.112526, -0.129131, 0.055649, -0.550138, 0.833218, -0.001708, -0.120369, -0.832121, -0.541374, -0.00209, 0.0, 0.0, 0.0, 1.0],
                [0.980449, 0.096276, -0.171617, -0.129131, 0.180933, -0.783939, 0.593888, -0.001708, -0.077361, -0.613327, -0.786032, -0.00209, 0.0, 0.0, 0.0, 1.0],
                [0.968552, 0.209496, -0.134228, -0.129131, 0.230913, -0.957763, 0.171376, -0.001708, -0.092656, -0.196981, -0.976019, -0.00209, 0.0, 0.0, 0.0, 1.0],
                [0.969258, 0.245927, 0.007619, -0.129131, 0.232791, -0.906578, -0.352028, -0.001708, -0.079666, 0.34298, -0.935958, -0.00209, 0.0, 0.0, 0.0, 1.0],
                [0.932094, 0.325904, 0.15807, -0.129131, 0.329678, -0.582552, -0.742929, -0.001708, -0.15004, 0.744592, -0.650437, -0.00209, 0.0, 0.0, 0.0, 1.0],
                [0.981206, 0.192509, 0.01308, -0.129131, 0.185864, -0.92478, -0.332016, -0.001708, -0.051819, 0.328208, -0.943182, -0.00209, 0.0, 0.0, 0.0, 1.0],
                [0.937475, 0.289022, -0.193922, -0.126774, 0.326891, -0.922461, 0.205445, -0.004074, -0.119507, -0.255991, -0.959263, -0.000902, 0.0, 0.0, 0.0, 1.0],
                [0.70895, 0.290063, -0.642847, -0.125006, 0.691848, -0.462947, 0.5541, -0.005847, -0.13688, -0.837582, -0.528886, -1.2e-05, 0.0, 0.0, 0.0, 1.0],
                [0.901522, 0.43176, 0.029011, -0.125148, 0.140864, -0.356195, 0.923733, 0.03053, 0.409165, -0.828678, -0.381937, -0.000457, 0.0, 0.0, 0.0, 1.0],
                [0.914422, 0.133802, 0.382006, -0.125243, -0.28642, -0.452962, 0.844268, 0.021659, 0.285999, -0.881432, -0.375875, -0.000754, 0.0, 0.0, 0.0, 1.0],
                [0.876801, -0.118347, 0.466062, -0.125338, -0.354527, -0.813903, 0.460296, 0.012788, 0.324855, -0.56882, -0.755588, -0.001051, 0.0, 0.0, 0.0, 1.0],
                [0.971942, -0.233222, -0.030549, -0.123356, -0.102782, -0.537936, 0.836696, 0.020366, -0.21157, -0.810082, -0.546814, -0.000508, 0.0, 0.0, 0.0, 1.0],
                [0.977872, 0.179075, 0.10816, -0.119674, 0.01856, -0.589226, 0.807754, 0.034439, 0.20838, -0.787873, -0.579512, 0.000501, 0.0, 0.0, 0.0, 1.0],
                [0.995329, -0.021064, -0.094215, -0.112898, 0.02633, -0.879679, 0.474839, 0.060307, -0.092882, -0.475101, -0.875015, 0.002358, 0.0, 0.0, 0.0, 1.0],
                [0.880632, -0.398929, -0.255624, -0.113411, -0.039702, -0.599751, 0.7992, 0.057631, -0.472136, -0.693652, -0.543998, 0.002258, 0.0, 0.0, 0.0, 1.0],
                [0.842176, -0.536638, -0.052528, -0.115288, -0.426683, -0.722823, 0.54357, 0.047845, -0.329669, -0.435369, -0.837719, 0.00189, 0.0, 0.0, 0.0, 1.0],
                [0.930325, -0.321084, -0.177204, -0.118039, -0.158891, -0.788378, 0.594316, 0.033499, -0.330529, -0.524751, -0.784465, 0.001352, 0.0, 0.0, 0.0, 1.0],
                [0.957661, -0.195294, -0.211532, -0.120942, -0.054702, -0.844791, 0.532293, 0.018359, -0.282654, -0.498185, -0.819706, 0.000784, 0.0, 0.0, 0.0, 1.0],
                [0.962645, -0.166666, -0.213394, -0.125006, -0.0, -0.78811, 0.615534, -0.002831, -0.270767, -0.592541, -0.75867, -1.2e-05, 0.0, 0.0, 0.0, 1.0]
            ]
        },
        {
            "name": "Leg_L",
            "time": [0.0, 0.0167, 0.0333, 0.05, 0.0833, 0.1167, 0.15, 0.1667, 0.2833, 0.35, 0.4, 0.45, 0.5167, 0.6833, 0.8, 1.1333, 1.25, 1.3833, 1.5167, 1.65, 1.95],
            "transform": [
                [0.999996, 0.002399, 0.000818, -0.0, -0.002401, 0.999994, 0.002699, 0.37472, -0.000811, -0.0027, 0.999997, 0.0, 0.0, 0.0, 0.0, 1.0],
                [0.922255, 0.366648, 0.122537, -0.0, -0.33546, 0.601492, 0.725034, 0.37472, 0.192128, -0.709771, 0.677725, 0.0, 0.0, 0.0, 0.0, 1.0],
                [0.886056, 0.432164, 0.167745, -0.0, -0.358233, 0.408643, 0.839453, 0.37472, 0.294234, -0.803894, 0.516896, -0.0, 0.0, 0.0, 0.0, 1.0],
                [0.855229, 0.458223, 0.24211, -0.0, -0.362985, 0.196182, 0.910909, 0.37472, 0.369902, -0.866917, 0.334109, -0.0, 0.0, 0.0, 0.0, 1.0],
                [0.84988, 0.460903, 0.255488, -0.0, -0.327334, 0.081766, 0.941365, 0.37472, 0.412988, -0.883675, 0.220361, -0.0, 0.0, 0.0, 0.0, 1.0],
                [0.869392, 0.442143, 0.220605, 0.0, -0.350636, 0.237464, 0.905905, 0.37472, 0.348154, -0.86494, 0.36148, 0.0, 0.0, 0.0, 0.0, 1.0],
                [0.947118, 0.308244, 0.089183, 0.0, -0.280163, 0.658839, 0.698169, 0.37472, 0.156449, -0.686234, 0.710357, 0.0, 0.0, 0.0, 0.0, 1.0],
                [0.999855, 0.000159, -0.016981, -0.0, -7.7e-05, 0.999989, 0.004804, 0.37472, 0.016982, -0.004802, 0.999844, 0.0, 0.0, 0.0, 0.0, 1.0],
                [0.92339, 0.338279, 0.181432, 0.0, -0.309528, 0.37662, 0.873128, 0.37472, 0.22703, -0.862396, 0.452475, -0.0, 0.0, 0.0, 0.0, 1.0],
                [0.998746, -0.019755, 0.045999, 0.0, -0.04066, 0.215942, 0.97556, 0.37472, -0.029205, -0.976207, 0.214868, 0.0, 0.0, 0.0, 0.0, 1.0],
                [0.999883, 0.015278, 5.8e-05, -0.0, -0.009066, 0.590245, 0.807173, 0.37472, 0.012298, -0.807079, 0.590315, 0.0, 0.0, 0.0, 0.0, 1.0],
                [0.893002, 0.409799, 0.186043, 0.0, -0.449767, 0.827345, 0.336468, 0.37472, -0.016037, -0.384142, 0.923135, 0.0, 0.0, 0.0, 0.0, 1.0],
                [0.999997, 0.002399, 0.000818, 0.0, -0.002401, 0.999993, 0.002698, 0.37472, -0.000811, -0.0027, 0.999997, -0.0, 0.0, 0.0, 0.0, 1.0],
                [0.988373, 0.042974, 0.145839, 0.0, -0.149478, 0.449966, 0.880448, 0.37472, -0.027786, -0.892012, 0.451158, -0.0, 0.0, 0.0, 0.0, 1.0],
                [0.999997, 0.00015, 0.002543, 0.0, -0.002477, 0.289736, 0.957103, 0.37472, -0.000593, -0.957107, 0.289735, 0.0, 0.0, 0.0, 0.0, 1.0],
                [0.972001, 0.228491, 0.054814, -0.0, -0.228808, 0.867294, 0.442096, 0.37472, 0.053475, -0.44226, 0.895291, 0.0, 0.0, 0.0, 0.0, 1.0],
                [0.898238, 0.356289, 0.257345, 0.0, -0.356854, 0.249422, 0.900247, 0.37472, 0.25656, -0.90047, 0.351184, -0.0, 0.0, 0.0, 0.0, 1.0],
                [0.958404, 0.253761, 0.130642, -0.0, -0.254163, 0.550552, 0.795169, 0.37472, 0.129858, -0.795297, 0.592148, -0.0, 0.0, 0.0, 0.0, 1.0],
                [0.952663, 0.291525, 0.086288, 0.0, -0.250567, 0.592115, 0.765908, 0.37472, 0.17219, -0.751272, 0.637133, 0.0, 0.0, 0.0, 0.0, 1.0],
                [0.966025, 0.242805, 0.088544, 0.0, -0.213442, 0.556345, 0.803071, 0.37472, 0.145729, -0.794685, 0.589269, 0.0, 0.0, 0.0, 0.0, 1.0],
                [1.0, 0.0, 1e-06, 0.0, -1e-06, 0.781431, 0.623992, 0.37472, -1e-06, -0.623992, 0.781431, 0.0, 0.0, 0.0, 0.0, 1.0]
            ]
        },
        {
            "name": "Knee_L",
            "time": [0.0, 0.1667, 0.2833, 0.4, 0.45, 0.6833, 0.8, 1.1333, 1.95],
            "transform": [
                [1.0, 0.0, -0.0, -0.0, -0.0, 0.0, -1.0, 0.37472, -0.0, 1.0, 0.0, 0.0, 0.0, 0.0, 0.0, 1.0],
                [1.0, 0.0, -0.0, -0.0, -0.0, 0.0, -1.0, 0.37472, -0.0, 1.0, 0.0, -0.0, 0.0, 0.0, 0.0, 1.0],
                [1.0, 0.0, -0.0, 0.0, -0.0, 0.0, -1.0, 0.37472, -0.0, 1.0, 0.0, 0.0, 0.0, 0.0, 0.0, 1.0],
                [1.0, 0.0, -0.0, -0.0, -0.0, 0.0, -1.0, 0.37472, -0.0, 1.0, 0.0, 0.0, 0.0, 0.0, 0.0, 1.0],
                [1.0, 0.0, -0.0, 0.0, -0.0, 0.0, -1.0, 0.37472, -0.0, 1.0, 0.0, -0.0, 0.0, 0.0, 0.0, 1.0],
                [1.0, 0.0, -0.0, 0.0, -0.0, 0.0, -1.0, 0.37472, -0.0, 1.0, 0.0, 0.0, 0.0, 0.0, 0.0, 1.0],
                [1.0, 0.0, -0.0, 0.0, -0.0, 0.0, -1.0, 0.37472, -0.0, 1.0, 0.0, -0.0, 0.0, 0.0, 0.0, 1.0],
                [1.0, 0.0, -0.0, -0.0, -0.0, 0.0, -1.0, 0.37472, -0.0, 1.0, 0.0, 0.0, 0.0, 0.0, 0.0, 1.0],
                [1.0, 0.0, -0.0, 0.0, -0.0, 0.0, -1.0, 0.37472, -0.0, 1.0, 0.0, 0.0, 0.0, 0.0, 0.0, 1.0]
            ]
        },
        {
            "name": "Torso",
            "time": [0.0, 0.2833, 0.35, 0.4, 0.45, 0.5167, 0.6833, 0.8, 1.1333, 1.95],
            "transform": [
                [0.996169, 0.08206, 0.030208, -0.0, -0.087127, 0.902097, 0.422647, 0.05, 0.007432, -0.42366, 0.905791, 0.0, 0.0, 0.0, 0.0, 1.0],
                [0.991909, -0.096521, -0.08246, -0.0, 0.126458, 0.808289, 0.575045, 0.05, 0.011148, -0.580821, 0.813955, 0.0, 0.0, 0.0, 0.0, 1.0],
                [0.996453, -0.039576, -0.074261, 0.0, 0.060437, 0.950649, 0.304327, 0.05, 0.058552, -0.307735, 0.949669, -0.0, 0.0, 0.0, 0.0, 1.0],
                [0.980349, -0.194086, 0.035308, -0.0, 0.193077, 0.980723, 0.030058, 0.05, -0.040462, -0.02265, 0.998924, -0.0, 0.0, 0.0, 0.0, 1.0],
                [0.981297, 0.191686, 0.01771, 0.0, -0.180938, 0.949841, -0.255076, 0.05, -0.065716, 0.247101, 0.966759, 0.0, 0.0, 0.0, 0.0, 1.0],
                [0.923322, -0.019902, -0.383512, 0.0, -0.168161, 0.876869, -0.450359, 0.05, 0.345252, 0.480318, 0.806285, -0.0, 0.0, 0.0, 0.0, 1.0],
                [0.984208, -0.165194, 0.063612, -0.0, 0.175921, 0.872823, -0.455228, 0.05, 0.019679, 0.459229, 0.8881, 0.0, 0.0, 0.0, 0.0, 1.0],
                [0.976859, -0.200573, 0.07428, 0.0, 0.213127, 0.883605, -0.416915, 0.05, 0.017988, 0.423098, 0.905905, 0.0, 0.0, 0.0, 0.0, 1.0],
                [0.927533, -0.36743, 0.068388, -0.0, 0.363032, 0.842258, -0.39851, 0.05, 0.088824, 0.394458, 0.914611, -0.0, 0.0, 0.0, 0.0, 1.0],
                [1.0, 0.0, 0.0, 0.0, 0.0, 0.948777, 0.315948, 0.05, 0.0, -0.315948, 0.948776, 0.0, 0.0, 0.0, 0.0, 1.0]
            ]
        },
        {
            "name": "Chest",
            "time": [0.0, 0.1667, 0.2833, 0.35, 0.4, 0.45, 0.5167, 0.6833, 0.8, 1.1333, 1.95],
            "transform": [
                [0.750557, -0.611733, -0.249893, -0.0, 0.633227, 0.773931, 0.007337, 0.3, 0.188911, -0.163746, 0.968246, 0.0, 0.0, 0.0, 0.0, 1.0],
                [0.745618, 0.090215, -0.660238, 0.0, 0.363072, 0.775817, 0.51603, 0.3, 0.558778, -0.624475, 0.545709, -0.0, 0.0, 0.0, 0.0, 1.0],
                [0.744177, 0.29291, -0.600337, 0.0, 0.401018, 0.52285, 0.752205, 0.3, 0.534214, -0.80052, 0.271631, 0.0, 0.0, 0.0, 0.0, 1.0],
                [0.514723, 0.519744, -0.681855, 0.0, -0.083393, 0.821879, 0.563525, 0.3, 0.853291, -0.233197, 0.466382, 0.0, 0.0, 0.0, 0.0, 1.0],
                [0.819324, 0.525209, -0.229922, 0.0, -0.455445, 0.83982, 0.295419, 0.3, 0.34825, -0.137327, 0.927288, 0.0, 0.0, 0.0, 0.0, 1.0],
                [0.983734, 0.163962, -0.073382, -0.0, -0.148935, 0.972853, 0.177132, 0.3, 0.100432, -0.163322, 0.981448, 0.0, 0.0, 0.0, 0.0, 1.0],
                [0.833933, 0.104157, 0.541948, -0.0, -0.127817, 0.991779, 0.006072, 0.3, -0.53686, -0.074334, 0.84039, -0.0, 0.0, 0.0, 0.0, 1.0],
                [0.89353, -0.223354, 0.389509, -0.0, 0.093122, 0.940818, 0.325868, 0.3, -0.439241, -0.254901, 0.861448, 0.0, 0.0, 0.0, 0.0, 1.0],
                [0.428426, -0.780162, 0.455849, 0.0, 0.380274, 0.613319, 0.692266, 0.3, -0.81966, -0.123237, 0.559437, 0.0, 0.0, 0.0, 0.0, 1.0],
                [0.474859, -0.699769, 0.533696, -0.0, 0.160044, 0.664982, 0.729509, 0.3, -0.865387, -0.260999, 0.427767, -0.0, 0.0, 0.0, 0.0, 1.0],
                [1.0, 0.0, -0.0, -0.0, -0.0, 0.723276, 0.690559, 0.3, 0.0, -0.690559, 0.723276, -0.0, 0.0, 0.0, 0.0, 1.0]
            ]
        },
        {
            "name": "Head",
            "time": [0.0, 0.2833, 0.4, 0.45, 0.5167, 0.6833, 0.8, 1.1333, 1.95],
            "transform": [
                [0.625854, 0.517078, 0.583899, -0.0, -0.152176, 0.815214, -0.55881, 0.4, -0.764951, 0.260878, 0.588891, 0.0, 0.0, 0.0, 0.0, 1.0],
                [0.709934, -0.248395, 0.65901, -0.0, -0.008871, 0.932508, 0.361039, 0.4, -0.704212, -0.26216, 0.659816, 0.0, 0.0, 0.0, 0.0, 1.0],
                [0.914857, -0.091615, 0.393248, -0.0, 0.048763, 0.991859, 0.11763, 0.4, -0.400824, -0.088438, 0.911877, 0.0, 0.0, 0.0, 0.0, 1.0],
                [0.962903, -0.13663, 0.232699, -0.0, 0.113319, 0.987359, 0.110821, 0.4, -0.244899, -0.080341, 0.966214, 0.0, 0.0, 0.0, 0.0, 1.0],
                [0.981036, -0.181542, 0.067907, -0.0, 0.174911, 0.980142, 0.093419, 0.4, -0.083519, -0.07977, 0.993308, 0.0, 0.0, 0.0, 0.0, 1.0],
                [0.988853, -0.134011, 0.064891, -0.0, 0.114179, 0.962212, 0.247207, 0.4, -0.095567, -0.237042, 0.966787, 0.0, 0.0, 0.0, 0.0, 1.0],
                [0.995259, -0.06254, 0.074484, -0.0, 0.020789, 0.884935, 0.46525, 0.4, -0.09501, -0.461496, 0.88204, 0.0, 0.0, 0.0, 0.0, 1.0],
                [0.995509, -0.059956, 0.073267, -0.0, 0.021404, 0.896406, 0.442715, 0.4, -0.09222, -0.439158, 0.893664, 0.0, 0.0, 0.0, 0.0, 1.0],
                [1.0, -0.0, 0.0, -0.0, 0.0, 0.919648, -0.392743, 0.4, -0.0, 0.392743, 0.919649, 0.0, 0.0, 0.0, 0.0, 1.0]
            ]
        },
        {
            "name": "Shoulder_R",
            "time": [0.0, 0.2833, 0.4, 0.45, 0.5167, 0.6833, 0.8, 1.1333, 1.95],
            "transform": [
                [-0.47518, 0.737634, 0.479687, 0.0, -0.741546, -0.629171, 0.232924, 0.4, 0.473618, -0.245029, 0.845959, 0.0, 0.0, 0.0, 0.0, 1.0],
                [-0.244246, 0.833809, 0.495082, 0.0, -0.939676, -0.329596, 0.091516, 0.4, 0.239484, -0.442864, 0.864013, 0.0, 0.0, 0.0, 0.0, 1.0],
                [-0.41012, 0.464707, 0.78476, 0.0, -0.82463, -0.556508, -0.101413, 0.4, 0.389598, -0.688728, 0.611446, 0.0, 0.0, 0.0, 0.0, 1.0],
                [-0.3899, 0.458868, 0.798385, 0.0, -0.858133, -0.495563, -0.134256, 0.4, 0.334044, -0.737467, 0.58699, 0.0, 0.0, 0.0, 0.0, 1.0],
                [-0.370571, 0.451258, 0.811815, -0.0, -0.886679, -0.432116, -0.164547, 0.4, 0.276545, -0.780796, 0.560251, 0.0, 0.0, 0.0, 0.0, 1.0],
                [-0.370571, 0.451258, 0.811815, -0.0, -0.886679, -0.432116, -0.164547, 0.4, 0.276545, -0.780796, 0.560251, 0.0, 0.0, 0.0, 0.0, 1.0],
                [-0.370571, 0.451258, 0.811815, -0.0, -0.886679, -0.432116, -0.164547, 0.4, 0.276545, -0.780796, 0.560251, 0.0, 0.0, 0.0, 0.0, 1.0],
                [-0.319273, 0.551052, 0.770977, -0.0, -0.903085, -0.423506, -0.071282, 0.4, 0.287233, -0.719016, 0.632861, 0.0, 0.0, 0.0, 0.0, 1.0],
                [0.0, 0.95212, 0.305742, 0.0, -1e-06, -0.305744, 0.952112, 0.4, 1.0, -1e-06, 1e-06, 0.0, 0.0, 0.0, 0.0, 1.0]
            ]
        },
        {
            "name": "Arm_R",
            "time": [0.0, 0.2833, 0.35, 0.4, 0.45, 0.5167, 0.6833, 0.8, 1.1333, 1.95],
            "transform": [
                [0.80175, 0.54899, -0.236235, 0.0, -0.42238, 0.800121, 0.425913, 0.39386, 0.422839, -0.241695, 0.873379, 0.0, 0.0, 0.0, 0.0, 1.0],
                [0.746709, -0.104471, -0.656896, 0.0, 0.558927, 0.633943, 0.534525, 0.39386, 0.360592, -0.766292, 0.531762, -0.0, 0.0, 0.0, 0.0, 1.0],
                [-0.0401, 0.011459, -0.99913, 0.0, 0.998278, 0.043305, -0.039569, 0.39386, 0.042814, -0.998996, -0.013176, 0.0, 0.0, 0.0, 0.0, 1.0],
                [0.442347, -0.0293, -0.896365, -0.0, 0.876061, 0.228036, 0.424873, 0.39386, 0.191954, -0.973212, 0.126539, -0.0, 0.0, 0.0, 0.0, 1.0],
                [-0.098847, 0.007744, -0.995072, 0.0, 0.985371, 0.14027, -0.096792, 0.39386, 0.138829, -0.990083, -0.021496, 0.0, 0.0, 0.0, 0.0, 1.0],
                [-0.446685, -0.124444, -0.885995, -0.0, 0.799233, 0.38958, -0.457662, 0.39386, 0.402119, -0.912547, -0.07456, 0.0, 0.0, 0.0, 0.0, 1.0],
                [-0.634231, -0.093696, -0.767446, -0.0, 0.746059, 0.186266, -0.639297, 0.39386, 0.202848, -0.978022, -0.048232, 0.0, 0.0, 0.0, 0.0, 1.0],
                [-0.842101, 0.036913, -0.538056, -0.0, 0.531771, -0.109519, -0.839777, 0.39386, -0.089926, -0.993299, 0.072596, -0.0, 0.0, 0.0, 0.0, 1.0],
                [-0.814479, 0.015434, -0.579988, 0.0, 0.576492, -0.091214, -0.811996, 0.39386, -0.065435, -0.995712, 0.065394, 0.0, 0.0, 0.0, 0.0, 1.0],
                [0.856321, 0.175829, -0.485593, 0.0, 0.233168, 0.707347, 0.667304, 0.39386, 0.460813, -0.684651, 0.564718, -0.0, 0.0, 0.0, 0.0, 1.0]
            ]
        },
        {
            "name": "Hand_R",
            "time": [0.0, 0.1667, 0.2833, 0.4, 0.45, 0.5167, 0.6833, 0.8, 1.1333, 1.95],
            "transform": [
                [0.070199, -0.023488, 0.997257, 0.0, 0.211397, 0.977367, 0.008138, 0.3, -0.974876, 0.210246, 0.073575, -0.0, 0.0, 0.0, 0.0, 1.0],
                [0.070199, -0.023488, 0.997257, 0.0, 0.211397, 0.977367, 0.008138, 0.300001, -0.974876, 0.210246, 0.073575, 0.0, 0.0, 0.0, 0.0, 1.0],
                [0.070199, -0.023488, 0.997257, -0.0, 0.211397, 0.977367, 0.008138, 0.300001, -0.974876, 0.210246, 0.073575, 0.0, 0.0, 0.0, 0.0, 1.0],
                [0.97026, -0.055727, 0.235562, -0.0, 0.090013, 0.986418, -0.137396, 0.300001, -0.224706, 0.154513, 0.962099, 0.0, 0.0, 0.0, 0.0, 1.0],
                [0.184271, -0.077416, 0.979822, -0.0, 0.123621, 0.990803, 0.055035, 0.300001, -0.97507, 0.110985, 0.192146, 0.0, 0.0, 0.0, 0.0, 1.0],
                [0.233782, -0.096803, 0.967458, 0.0, 0.087446, 0.993093, 0.078237, 0.300001, -0.968348, 0.06631, 0.240632, 0.0, 0.0, 0.0, 0.0, 1.0],
                [0.233782, -0.096803, 0.967458, -0.0, 0.087446, 0.993093, 0.078237, 0.300001, -0.968349, 0.06631, 0.240632, -0.0, 0.0, 0.0, 0.0, 1.0],
                [0.233782, -0.096803, 0.967458, 0.0, 0.087446, 0.993093, 0.078237, 0.3, -0.968349, 0.06631, 0.240632, 0.0, 0.0, 0.0, 0.0, 1.0],
                [0.226196, -0.098799, 0.969059, 0.0, 0.118213, 0.990275, 0.073369, 0.3, -0.966882, 0.097959, 0.235675, 0.0, 0.0, 0.0, 0.0, 1.0],
                [-0.028933, -0.008958, 0.999544, 0.0, 0.945671, 0.323712, 0.030275, 0.3, -0.323834, 0.946118, -0.000895, 0.0, 0.0, 0.0, 0.0, 1.0]
            ]
        },
        {
            "name": "Tool_R",
            "time": [0.0, 0.2833, 0.3, 0.3167, 0.35, 0.4, 0.45, 0.5167, 0.6833, 0.8, 1.1333, 1.95],
            "transform": [
                [0.998335, -0.001164, 0.057924, 0.001989, 0.050579, -0.470131, -0.881133, 0.272719, 0.028221, 0.881406, -0.468671, -0.000633, 0.0, 0.0, 0.0, 1.0],
                [0.872248, 0.419373, 0.251657, 0.001989, 0.408217, -0.340816, -0.846869, 0.272719, -0.269024, 0.840279, -0.467853, -0.000633, 0.0, 0.0, 0.0, 1.0],
                [0.8771, 0.400794, 0.264728, 0.001989, 0.469897, -0.601649, -0.645917, 0.272719, -0.099465, 0.689992, -0.715077, -0.000633, 0.0, 0.0, 0.0, 1.0],
                [0.919568, 0.345624, 0.186987, 0.001989, 0.392867, -0.819467, -0.417289, 0.272719, 0.009002, 0.456556, -0.888136, -0.000633, 0.0, 0.0, 0.0, 1.0],
                [0.954722, 0.044268, -0.294229, 0.001989, 0.065338, -0.995925, 0.06216, 0.272719, -0.289898, -0.078489, -0.952422, -0.000633, 0.0, 0.0, 0.0, 1.0],
                [0.973459, 0.047001, -0.224042, 0.001989, 0.182788, -0.748805, 0.637079, 0.272719, -0.137636, -0.660258, -0.736501, -0.000633, 0.0, 0.0, 0.0, 1.0],
                [0.761047, 0.176924, 0.624109, 0.001989, 0.524906, -0.733281, -0.432174, 0.272719, 0.3807, 0.655609, -0.650053, -0.000633, 0.0, 0.0, 0.0, 1.0],
                [0.947883, 0.015062, 0.3183, 0.001989, 0.177228, -0.855067, -0.487284, 0.272719, 0.264487, 0.517587, -0.812075, -0.000633, 0.0, 0.0, 0.0, 1.0],
                [0.966948, 0.125718, 0.221886, 0.001989, 0.221907, -0.843554, -0.489048, 0.272719, 0.125531, 0.521405, -0.842432, -0.000633, 0.0, 0.0, 0.0, 1.0],
                [0.954669, 0.288908, 0.071877, 0.001989, 0.285089, -0.817537, -0.500352, 0.272719, -0.085674, 0.497477, -0.861678, -0.000633, 0.0, 0.0, 0.0, 1.0],
                [0.994193, -0.069399, 0.08238, 0.001932, -0.019073, -0.86613, -0.499221, 0.272723, 0.105896, 0.494199, -0.861036, -0.000614, 0.0, 0.0, 0.0, 1.0],
                [0.999979, 0.0, 0.0, 0.0, 0.0, -0.99814, 0.017925, 0.272858, 0.0, -0.018091, -0.987662, -0.0, 0.0, 0.0, 0.0, 1.0]
            ]
        },
        {
            "name": "Elbow_R",
            "time": [0.0, 0.1667, 0.2833, 0.4, 0.45, 0.6833, 0.8, 1.1333, 1.95],
            "transform": [
                [-1.0, 0.0, -0.0, 0.0, 0.0, 0.0, -1.0, 0.3, -0.0, -1.0, -0.0, -0.0, 0.0, 0.0, 0.0, 1.0],
                [-1.0, 0.0, -0.0, 0.0, 0.0, -0.0, -1.0, 0.3, -0.0, -1.0, 0.0, -0.0, 0.0, 0.0, 0.0, 1.0],
                [-1.0, 0.0, -0.0, 0.0, 0.0, 0.0, -1.0, 0.3, -0.0, -1.0, 0.0, -0.0, 0.0, 0.0, 0.0, 1.0],
                [-1.0, 0.0, -0.0, 0.0, 0.0, 0.0, -1.0, 0.3, -0.0, -1.0, -0.0, 0.0, 0.0, 0.0, 0.0, 1.0],
                [-1.0, 0.0, -0.0, 0.0, 0.0, 0.0, -1.0, 0.3, -0.0, -1.0, 0.0, 0.0, 0.0, 0.0, 0.0, 1.0],
                [-1.0, 0.0, -0.0, 0.0, 0.0, 0.0, -1.0, 0.3, -0.0, -1.0, 0.0, -0.0, 0.0, 0.0, 0.0, 1.0],
                [-1.0, 0.0, -0.0, 0.0, 0.0, 0.0, -1.0, 0.3, -0.0, -1.0, 0.0, 0.0, 0.0, 0.0, 0.0, 1.0],
                [-1.0, 0.0, -0.0, 0.0, 0.0, 0.0, -1.0, 0.3, -0.0, -1.0, 0.0, -0.0, 0.0, 0.0, 0.0, 1.0],
                [-0.999999, 0.0, -0.0, 0.0, 0.0, 0.0, -1.0, 0.3, -0.0, -0.999995, -0.0, -0.0, 0.0, 0.0, 0.0, 1.0]
            ]
        },
        {
            "name": "Shoulder_L",
            "time": [0.0, 0.2833, 0.35, 0.4, 0.45, 0.5167, 0.6833, 0.8, 1.1333, 1.6167, 1.7333, 1.95],
            "transform": [
                [-0.245408, -0.945513, -0.213963, -0.0, 0.064974, -0.236259, 0.969516, 0.399999, -0.96724, 0.224024, 0.119414, -0.0, 0.0, 0.0, 0.0, 1.0],
                [-0.051419, -0.905572, -0.421065, -0.0, 0.196669, -0.422549, 0.884745, 0.399999, -0.979121, -0.037318, 0.199825, 0.0, 0.0, 0.0, 0.0, 1.0],
                [-0.031362, -0.987898, -0.151905, 0.0, 0.021753, -0.152619, 0.988046, 0.399999, -0.999272, 0.027682, 0.026277, -0.0, 0.0, 0.0, 0.0, 1.0],
                [0.629975, -0.686834, -0.362478, 0.0, 0.479105, -0.023628, 0.87744, 0.399999, -0.61122, -0.726431, 0.314181, 0.0, 0.0, 0.0, 0.0, 1.0],
                [0.586439, -0.731889, -0.347026, 0.0, 0.662999, 0.187607, 0.724732, 0.399999, -0.465318, -0.65509, 0.595262, -0.0, 0.0, 0.0, 0.0, 1.0],
                [0.642992, -0.41138, -0.646009, -0.0, 0.754625, 0.196271, 0.626114, 0.399999, -0.130777, -0.890081, 0.436639, -0.0, 0.0, 0.0, 0.0, 1.0],
                [0.697191, -0.621819, -0.356745, -0.0, 0.569615, 0.178355, 0.802327, 0.399999, -0.435274, -0.762582, 0.478545, 0.0, 0.0, 0.0, 0.0, 1.0],
                [0.534562, -0.837407, 0.113989, -0.0, 0.221532, 0.269005, 0.937315, 0.399999, -0.815578, -0.475801, 0.329312, -0.0, 0.0, 0.0, 0.0, 1.0],
                [0.569758, -0.821553, 0.020674, -0.0, 0.246788, 0.195038, 0.94924, 0.399999, -0.783882, -0.535735, 0.313874, 0.0, 0.0, 0.0, 0.0, 1.0],
                [-0.495783, -0.432753, -0.752947, -0.0, -0.09711, -0.833942, 0.543245, 0.399999, -0.863004, 0.342449, 0.371427, 0.0, 0.0, 0.0, 0.0, 1.0],
                [-0.358959, -0.66851, -0.651344, 0.0, -0.055456, -0.681345, 0.729862, 0.399999, -0.931708, 0.298111, 0.2075, -0.0, 0.0, 0.0, 0.0, 1.0],
                [-2e-06, -0.952118, -0.305741, -0.0, 4e-06, -0.305741, 0.952116, 0.399999, -1.000004, 0.0, 4e-06, 0.0, 0.0, 0.0, 0.0, 1.0]
            ]
        },
        {
            "name": "Arm_L",
            "time": [0.0, 0.2833, 0.35, 0.4, 0.45, 0.5167, 0.6833, 0.8, 1.1333, 1.6167, 1.7333, 1.95],
            "transform": [
                [0.113148, 0.812231, -0.572257, 0.0, 0.879851, -0.349479, -0.322066, 0.39386, -0.461584, -0.467059, -0.754185, -0.0, 0.0, 0.0, 0.0, 1.0],
                [0.719389, 0.340015, 0.605698, 0.0, 0.612242, 0.101485, -0.784131, 0.39386, -0.328085, 0.934928, -0.135164, -0.0, 0.0, 0.0, 0.0, 1.0],
                [0.358919, 0.683537, 0.635574, -0.0, 0.468083, 0.457308, -0.756153, 0.39386, -0.807512, 0.568899, -0.155816, 0.0, 0.0, 0.0, 0.0, 1.0],
                [-0.126594, 0.957239, 0.26013, 0.0, 0.551955, 0.285869, -0.783342, 0.39386, -0.824209, 0.044414, -0.564542, -0.0, 0.0, 0.0, 0.0, 1.0],
                [-0.2608, 0.786931, 0.559216, -0.0, 0.633319, 0.576656, -0.516114, 0.39386, -0.728622, 0.21956, -0.64877, 0.0, 0.0, 0.0, 0.0, 1.0],
                [-0.425963, 0.546146, 0.721304, -0.0, 0.30884, 0.837135, -0.451466, 0.39386, -0.850396, 0.03046, -0.525261, -0.0, 0.0, 0.0, 0.0, 1.0],
                [-0.11684, 0.547862, 0.828369, 0.0, 0.296486, 0.815289, -0.497392, 0.39386, -0.947863, 0.187484, -0.257692, -0.0, 0.0, 0.0, 0.0, 1.0],
                [0.389958, 0.446768, 0.80519, 0.0, 0.245792, 0.792188, -0.558592, 0.39386, -0.887423, 0.415737, 0.199108, -0.0, 0.0, 0.0, 0.0, 1.0],
                [0.400065, 0.427718, 0.810559, -0.0, 0.219489, 0.813967, -0.537849, 0.39386, -0.889816, 0.393083, 0.23176, -0.0, 0.0, 0.0, 0.0, 1.0],
                [0.888661, -0.02477, 0.45789, -0.0, -0.240354, 0.825221, 0.511115, 0.39386, -0.390521, -0.564266, 0.727389, 0.0, 0.0, 0.0, 0.0, 1.0],
                [0.895357, -0.024575, 0.444664, -0.0, -0.240384, 0.813858, 0.529007, 0.39386, -0.374894, -0.580542, 0.722788, -0.0, 0.0, 0.0, 0.0, 1.0],
                [0.877478, -0.004042, 0.479593, -0.0, -0.341434, 0.696991, 0.630573, 0.39386, -0.336821, -0.717067, 0.610216, 0.0, 0.0, 0.0, 0.0, 1.0]
            ]
        },
        {
            "name": "Hand_L",
            "time": [0.0, 0.2833, 0.35, 0.4, 0.45, 0.5167, 0.6833, 0.8, 1.1333, 1.6167, 1.7333, 1.7667, 1.8167, 1.9, 1.95],
            "transform": [
                [0.999991, 0.00071, 0.004063, 0.0, 0.000478, 0.95851, -0.285061, 0.3, -0.004097, 0.28506, 0.958501, -0.0, 0.0, 0.0, 0.0, 1.0],
                [0.914523, 0.22305, -0.337484, -0.0, -0.399165, 0.362098, -0.84235, 0.3, -0.065684, 0.90506, 0.420181, -0.0, 0.0, 0.0, 0.0, 1.0],
                [0.905921, 0.188084, -0.379383, 0.0, -0.360482, 0.81263, -0.457915, 0.3, 0.222171, 0.551595, 0.80398, -0.0, 0.0, 0.0, 0.0, 1.0],
                [0.985047, 0.137962, -0.103189, -0.0, -0.17195, 0.750096, -0.638583, 0.3, -0.010699, 0.646779, 0.762603, 0.0, 0.0, 0.0, 0.0, 1.0],
                [0.996296, 0.076194, -0.039863, 0.0, -0.085579, 0.923912, -0.372911, 0.3, 0.008417, 0.374941, 0.92701, -0.0, 0.0, 0.0, 0.0, 1.0],
                [1.0, -0.0, -0.0, 0.0, 0.0, 0.99711, -0.075975, 0.3, 0.0, 0.075975, 0.99711, 0.0, 0.0, 0.0, 0.0, 1.0],
                [0.998886, -0.034321, -0.032391, -0.0, 0.032922, 0.998542, -0.042782, 0.3, 0.033812, 0.041668, 0.998559, -0.0, 0.0, 0.0, 0.0, 1.0],
                [0.993045, -0.083544, -0.082955, 0.0, 0.084247, 0.996433, 0.005004, 0.3, 0.082241, -0.011958, 0.996541, 0.0, 0.0, 0.0, 0.0, 1.0],
                [0.992116, -0.060313, -0.109852, -0.0, 0.058135, 0.998046, -0.022929, 0.3, 0.11102, 0.016362, 0.993683, 0.0, 0.0, 0.0, 0.0, 1.0],
                [-0.233509, -0.362682, -0.902186, -0.0, -0.813127, 0.581622, -0.023355, 0.3, 0.5332, 0.728138, -0.430719, 0.0, 0.0, 0.0, 0.0, 1.0],
                [-0.265028, -0.213395, -0.940333, -0.0, -0.710731, 0.702275, 0.040945, 0.3, 0.651632, 0.679176, -0.337788, -0.0, 0.0, 0.0, 0.0, 1.0],
                [-0.263027, -0.198111, -0.944231, 0.0, -0.760307, 0.645053, 0.076453, 0.3, 0.593931, 0.738015, -0.32029, 0.0, 0.0, 0.0, 0.0, 1.0],
                [-0.127319, -0.202683, -0.970934, 0.0, -0.79266, 0.609226, -0.023234, 0.3, 0.596225, 0.766663, -0.238223, 0.0, 0.0, 0.0, 0.0, 1.0],
                [0.112452, -0.04276, -0.992739, 0.0, -0.969768, 0.213044, -0.119026, 0.3, 0.216586, 0.97611, -0.01751, -0.0, 0.0, 0.0, 0.0, 1.0],
                [0.161134, -0.019774, -0.986736, 0.0, -0.965048, 0.206233, -0.161725, 0.3, 0.206695, 0.978307, 0.014148, 0.0, 0.0, 0.0, 0.0, 1.0]
            ]
        },
        {
            "name": "Tool_L",
            "time": [0.0, 0.2833, 0.35, 0.4, 0.45, 0.5167, 0.6833, 0.8, 1.1333, 1.95],
            "transform": [
                [0.878561, 0.475927, -0.040277, -0.0, 0.322813, -0.653832, -0.684229, 0.272858, -0.351808, 0.587847, -0.727537, -0.0, 0.0, 0.0, 0.0, 1.0],
                [0.945465, 0.260974, -0.194879, -0.0, 0.036456, -0.6794, -0.732763, 0.272858, -0.323479, 0.685363, -0.65139, 0.0, 0.0, 0.0, 0.0, 1.0],
                [0.982646, 0.179524, -0.046657, -0.0, 0.129404, -0.843716, -0.520887, 0.272858, -0.132812, 0.505559, -0.851682, -0.0, 0.0, 0.0, 0.0, 1.0],
                [0.965721, -0.074008, 0.248774, -0.0, 0.166742, -0.557739, -0.812987, 0.272858, 0.198826, 0.826199, -0.525901, -0.0, 0.0, 0.0, 0.0, 1.0],
                [0.998955, -0.044957, 0.008166, -0.0, 0.000655, -0.164622, -0.986225, 0.272858, 0.04566, 0.984729, -0.164311, -0.0, 0.0, 0.0, 0.0, 1.0],
                [1.0, -0.0, -0.0, -0.0, -0.0, -0.243245, -0.969836, 0.272858, 0.0, 0.969371, -0.243076, -0.0, 0.0, 0.0, 0.0, 1.0],
                [1.0, -0.0, -0.0, -0.0, -0.0, -0.243245, -0.969836, 0.272858, 0.0, 0.969371, -0.243076, 0.0, 0.0, 0.0, 0.0, 1.0],
                [1.0, -0.0, -0.0, -0.0, -0.0, -0.243245, -0.969836, 0.272858, 0.0, 0.969371, -0.243076, -0.0, 0.0, 0.0, 0.0, 1.0],
                [0.984774, -0.17384, 2.8e-05, -0.0, -0.048263, -0.273557, -0.960511, 0.272858, 0.166904, 0.945436, -0.277586, -0.0, 0.0, 0.0, 0.0, 1.0],
                [1.0, 0.0, 0.0, -0.0, 0.0, -0.999831, 0.018116, 0.272858, 0.0, -0.018122, -0.998896, 0.0, 0.0, 0.0, 0.0, 1.0]
            ]
        },
        {
            "name": "Elbow_L",
            "time": [0.0, 0.1667, 0.2833, 0.4, 0.45, 0.6833, 0.8, 1.1333, 1.95],
            "transform": [
                [-1.0, 0.0, 1e-06, -0.0, -1e-06, 0.0, -1.0, 0.3, -0.0, -1.0, -0.0, 0.0, 0.0, 0.0, 0.0, 1.0],
                [-1.0, 0.0, 1e-06, -0.0, -0.0, 0.0, -1.0, 0.3, -0.0, -1.0, -0.0, -0.0, 0.0, 0.0, 0.0, 1.0],
                [-1.0, 0.0, 1e-06, -0.0, -1e-06, 0.0, -1.0, 0.3, -0.0, -1.0, -0.0, -0.0, 0.0, 0.0, 0.0, 1.0],
                [-1.0, 0.0, 1e-06, -0.0, -1e-06, 0.0, -1.0, 0.3, -0.0, -1.0, -0.0, 0.0, 0.0, 0.0, 0.0, 1.0],
                [-1.0, 0.0, 1e-06, -0.0, -1e-06, 0.0, -1.0, 0.3, -0.0, -1.0, -0.0, -0.0, 0.0, 0.0, 0.0, 1.0],
                [-1.0, 0.0, 1e-06, -0.0, -1e-06, 0.0, -1.0, 0.3, -0.0, -1.0, -0.0, -0.0, 0.0, 0.0, 0.0, 1.0],
                [-1.0, 0.0, 1e-06, -0.0, -1e-06, 0.0, -1.0, 0.3, -0.0, -1.0, -0.0, 0.0, 0.0, 0.0, 0.0, 1.0],
                [-1.0, 0.0, 1e-06, -0.0, -1e-06, 0.0, -1.0, 0.3, -0.0, -1.0, -0.0, 0.0, 0.0, 0.0, 0.0, 1.0],
                [-1.000001, 0.0, 1e-06, -0.0, -1e-06, 0.0, -1.0, 0.3, -0.0, -1.0, -0.0, 0.0, 0.0, 0.0, 0.0, 1.0]
            ]
        }
    ]
}