{
    "animation": [
        {
            "name": "Root",
            "time": [0.0, 0.3333, 0.3667, 0.4167, 0.5, 0.65, 0.75, 1.1, 1.7],
            "transform": [
                [-0.537527, 0.124934, 0.83394, 1.7e-05, 0.841157, 0.009874, 0.5407, 0.436755, 0.059317, 0.992116, -0.110397, 0.585817, 0.0, 0.0, 0.0, 1.0],
                [0.526653, 0.264321, 0.807943, 0.395317, 0.548636, 0.620301, -0.560559, 0.395063, -0.649334, 0.738486, 0.181668, 0.48157, 0.0, 0.0, 0.0, 1.0],
                [0.570735, 0.279766, 0.772006, 0.361528, 0.484637, 0.644189, -0.591733, 0.466785, -0.662864, 0.711865, 0.232076, 0.499004, 0.0, 0.0, 0.0, 1.0],
                [0.629429, 0.305769, 0.71437, 0.310845, 0.385874, 0.674973, -0.628898, 0.466785, -0.674478, 0.671504, 0.306859, 0.525155, 0.0, 0.0, 0.0, 1.0],
                [0.706682, 0.354572, 0.612273, 0.226372, 0.219559, 0.712748, -0.666171, 0.466785, -0.672602, 0.605202, 0.425837, 0.56874, 0.0, 0.0, 0.0, 1.0],
                [0.965915, 0.147274, 0.21288, -0.344025, 0.043126, 0.719333, -0.693325, 0.466785, -0.255241, 0.678874, 0.688464, 0.598665, 0.0, 0.0, 0.0, 1.0],
                [0.996896, 0.013296, -0.077597, -0.361913, -0.06184, 0.742236, -0.667279, 0.466785, 0.048723, 0.670007, 0.740754, 0.618615, 0.0, 0.0, 0.0, 1.0],
                [0.997746, 0.061476, -0.026896, -0.361913, -0.063718, 0.742294, -0.667038, 0.466785, -0.021042, 0.667248, 0.744538, 0.56874, 0.0, 0.0, 0.0, 1.0],
                [1.0, 0.0, 0.0, -0.361913, 0.0, 0.0, -1.0, 0.466785, 0.0, 1.0, 0.0, 0.658965, 0.0, 0.0, 0.0, 1.0]
            ]
        },
        {
            "name": "Thigh_R",
            "time": [0.0, 0.1667, 0.2167, 0.25, 0.3, 0.3333, 0.3667, 0.4167, 0.5, 0.5833, 0.65, 0.75, 1.1, 1.25, 1.4, 1.7],
            "transform": [
                [0.939209, -0.087032, -0.332131, 0.145472, -0.194159, -0.932444, -0.304711, 0.111619, -0.283174, 0.350674, -0.892658, -0.067516, 0.0, 0.0, 0.0, 1.0],
                [0.723574, 0.687685, -0.059395, 0.135251, 0.411693, -0.360903, 0.836813, 0.054497, 0.554028, -0.62995, -0.544256, -0.033825, 0.0, 0.0, 0.0, 1.0],
                [0.756303, 0.598056, -0.265205, 0.132174, 0.359122, -0.040678, 0.932403, 0.037299, 0.546841, -0.800421, -0.24554, -0.023681, 0.0, 0.0, 0.0, 1.0],
                [0.79766, 0.50171, -0.334704, 0.130123, 0.311585, 0.132353, 0.940956, 0.025833, 0.516386, -0.854852, -0.050752, -0.016918, 0.0, 0.0, 0.0, 1.0],
                [0.872658, 0.325436, -0.364086, 0.127045, 0.266266, 0.307889, 0.913404, 0.008635, 0.409353, -0.894032, 0.182029, -0.006774, 0.0, 0.0, 0.0, 1.0],
                [0.916573, 0.22826, -0.32831, 0.124994, 0.242098, 0.336678, 0.909963, -0.002831, 0.318244, -0.913532, 0.253329, -1.2e-05, 0.0, 0.0, 0.0, 1.0],
                [0.912158, 0.1256, -0.390115, 0.124994, 0.344811, 0.279306, 0.896153, -0.002831, 0.221518, -0.95195, 0.211463, -1.2e-05, 0.0, 0.0, 0.0, 1.0],
                [0.849732, 0.004229, -0.527196, 0.124994, 0.508228, 0.259358, 0.82124, -0.002831, 0.140206, -0.965771, 0.218236, -1.2e-05, 0.0, 0.0, 0.0, 1.0],
                [0.671714, -0.156445, -0.724102, 0.124994, 0.740432, 0.172984, 0.649489, -0.002831, 0.023649, -0.97242, 0.232033, -1.2e-05, 0.0, 0.0, 0.0, 1.0],
                [0.665915, 0.111382, -0.737664, 0.124994, 0.703592, 0.234962, 0.670634, -0.002831, 0.24802, -0.965601, 0.078097, -1.2e-05, 0.0, 0.0, 0.0, 1.0],
                [0.638476, 0.471176, -0.608557, 0.124994, 0.657723, 0.076587, 0.749357, -0.002831, 0.399687, -0.878708, -0.261004, -1.2e-05, 0.0, 0.0, 0.0, 1.0],
                [0.822381, 0.33305, -0.461266, 0.124994, 0.513825, -0.086674, 0.853505, -0.002831, 0.24428, -0.938917, -0.242408, -1.2e-05, 0.0, 0.0, 0.0, 1.0],
                [0.808601, 0.282326, -0.516193, 0.124994, 0.507229, 0.110061, 0.854754, -0.002831, 0.298132, -0.952983, -0.054208, -1.2e-05, 0.0, 0.0, 0.0, 1.0],
                [0.878784, 0.393603, -0.26984, 0.124994, 0.329097, -0.090361, 0.939962, -0.002831, 0.345589, -0.914828, -0.208941, -1.2e-05, 0.0, 0.0, 0.0, 1.0],
                [0.82548, 0.370948, 0.425418, 0.124994, 0.235254, -0.91124, 0.33808, -0.002831, 0.513068, -0.178997, -0.839477, -1.2e-05, 0.0, 0.0, 0.0, 1.0],
                [0.626254, 0.315686, 0.712845, 0.124994, 0.406465, -0.912455, 0.046995, -0.002831, 0.665276, 0.260315, -0.699746, -1.2e-05, 0.0, 0.0, 0.0, 1.0]
            ]
        },
        {
            "name": "Leg_R",
            "time": [0.0, 0.1667, 0.2167, 0.25, 0.3, 0.3333, 0.3667, 0.4167, 0.5, 0.5833, 0.65, 0.75, 1.1, 1.25, 1.4, 1.7],
            "transform": [
                [0.999702, 0.022219, -0.010039, -0.0, -0.017628, 0.943111, 0.332009, 0.37472, 0.016845, -0.331733, 0.943223, 0.0, 0.0, 0.0, 0.0, 1.0],
                [0.993215, 0.104767, 0.050474, 0.0, -0.047227, -0.033246, 0.998332, 0.37472, 0.10627, -0.993941, -0.028072, -0.0, 0.0, 0.0, 0.0, 1.0],
                [0.995233, 0.069528, 0.068387, 0.0, -0.059467, -0.123126, 0.990608, 0.37472, 0.077295, -0.989953, -0.118405, 0.0, 0.0, 0.0, 0.0, 1.0],
                [0.997145, 0.02378, 0.071687, 0.0, -0.067859, -0.134651, 0.988568, 0.37472, 0.03316, -0.99061, -0.132652, 0.0, 0.0, 0.0, 0.0, 1.0],
                [0.998203, -0.038099, 0.046235, -0.0, -0.049251, -0.082445, 0.995379, 0.37472, -0.034111, -0.995869, -0.084173, 0.0, 0.0, 0.0, 0.0, 1.0],
                [0.995469, -0.087163, 0.037969, 0.0, -0.030828, 0.081856, 0.996169, 0.37472, -0.089936, -0.992826, 0.078799, 0.0, 0.0, 0.0, 0.0, 1.0],
                [0.99415, -0.107238, 0.01281, -0.0, -0.017221, -0.040307, 0.99904, 0.37472, -0.106618, -0.993417, -0.041918, 0.0, 0.0, 0.0, 0.0, 1.0],
                [0.996, -0.089281, -0.003237, -0.0, -0.000689, -0.043905, 0.999036, 0.37472, -0.089337, -0.99504, -0.04379, 0.0, 0.0, 0.0, 0.0, 1.0],
                [0.998716, -0.048222, -0.015508, -0.0, 0.014145, -0.028469, 0.999495, 0.37472, -0.048639, -0.998431, -0.027751, 0.0, 0.0, 0.0, 0.0, 1.0],
                [0.99728, 0.071291, -0.018691, 0.0, 0.012664, 0.084076, 0.996379, 0.37472, 0.072604, -0.993905, 0.082945, 0.0, 0.0, 0.0, 0.0, 1.0],
                [0.994247, 0.10142, -0.034452, 0.0, -0.045035, 0.687649, 0.724644, 0.37472, 0.097185, -0.718924, 0.68826, -0.0, 0.0, 0.0, 0.0, 1.0],
                [0.997454, 0.002692, 0.071277, 0.0, -0.035693, 0.884013, 0.4661, 0.37472, -0.061755, -0.467456, 0.881857, -0.0, 0.0, 0.0, 0.0, 1.0],
                [0.985796, 0.084178, 0.145325, 0.0, -0.161327, 0.715141, 0.68011, 0.37472, -0.046677, -0.693894, 0.718564, 0.0, 0.0, 0.0, 0.0, 1.0],
                [0.989685, 0.027849, 0.140533, -0.0, -0.136714, -0.109664, 0.984523, 0.37472, 0.04283, -0.993578, -0.104726, -0.0, 0.0, 0.0, 0.0, 1.0],
                [0.996567, -0.035133, 0.074967, -0.0, -0.021177, 0.767198, 0.641062, 0.37472, -0.080037, -0.640448, 0.763821, -0.0, 0.0, 0.0, 0.0, 1.0],
                [1.0, 0.0, 1e-06, -0.0, -0.0, 0.921708, 0.387895, 0.37472, -1e-06, -0.387899, 0.921698, 0.0, 0.0, 0.0, 0.0, 1.0]
            ]
        },
        {
            "name": "Knee_R",
            "time": [0.0, 0.0667, 0.0833, 0.1167, 0.1667, 0.1833, 0.2167, 0.25, 0.3333, 0.3667, 0.4167, 0.5, 0.5167, 0.5333, 0.5667, 0.5833, 0.6333, 0.65, 0.75, 1.1, 1.7],
            "transform": [
                [1.0, 0.0, -0.0, -0.0, -0.0, 0.0, -1.0, 0.37472, -0.0, 1.0, 0.0, 0.0, 0.0, 0.0, 0.0, 1.0],
                [1.0, 0.0, -0.0, -0.0, -0.0, 0.0, -1.0, 0.37472, -0.0, 1.0, 0.0, -0.0, 0.0, 0.0, 0.0, 1.0],
                [1.0, 0.0, -0.0, -0.0, -0.0, 0.0, -1.0, 0.37472, -0.0, 1.0, 0.0, -0.0, 0.0, 0.0, 0.0, 1.0],
                [1.0, 0.0, -0.0, 0.0, -0.0, 0.0, -1.0, 0.37472, -0.0, 1.0, 0.0, -0.0, 0.0, 0.0, 0.0, 1.0],
                [1.0, 0.0, -0.0, 0.0, -0.0, 0.0, -1.0, 0.37472, -0.0, 1.0, 0.0, -0.0, 0.0, 0.0, 0.0, 1.0],
                [1.0, 0.0, -0.0, 0.0, -0.0, 0.0, -1.0, 0.37472, -0.0, 1.0, 0.0, -0.0, 0.0, 0.0, 0.0, 1.0],
                [1.0, 0.0, -1e-06, 0.0, -0.0, 0.0, -1.0, 0.37472, -0.0, 1.0, 0.0, 0.0, 0.0, 0.0, 0.0, 1.0],
                [1.0, 0.0, -0.0, 0.0, -0.0, 0.0, -1.0, 0.37472, -0.0, 1.0, 0.0, 0.0, 0.0, 0.0, 0.0, 1.0],
                [1.0, 0.0, -0.0, 0.0, -0.0, 0.0, -1.0, 0.37472, -0.0, 1.0, 0.0, 0.0, 0.0, 0.0, 0.0, 1.0],
                [1.0, 0.0, -0.0, -0.0, -1e-06, 0.0, -1.0, 0.37472, -0.0, 1.0, 0.0, 0.0, 0.0, 0.0, 0.0, 1.0],
                [1.0, 0.0, -1e-06, -0.0, -1e-06, 0.0, -1.0, 0.37472, -0.0, 1.0, 0.0, 0.0, 0.0, 0.0, 0.0, 1.0],
                [1.0, 0.0, -0.0, -0.0, -0.0, 0.0, -1.0, 0.37472, -0.0, 1.0, 0.0, 0.0, 0.0, 0.0, 0.0, 1.0],
                [1.0, 0.0, -0.0, 0.0, -0.0, 0.0, -1.0, 0.37472, -0.0, 1.0, 0.0, 0.0, 0.0, 0.0, 0.0, 1.0],
                [1.0, 0.0, -0.0, 0.0, -0.0, 0.0, -1.0, 0.37472, -0.0, 1.0, 0.0, 0.0, 0.0, 0.0, 0.0, 1.0],
                [1.0, 0.0, -0.0, -0.0, -0.0, 0.0, -1.0, 0.37472, -0.0, 1.0, 0.0, -0.0, 0.0, 0.0, 0.0, 1.0],
                [1.0, 0.0, -0.0, 0.0, -0.0, 0.0, -1.0, 0.37472, -0.0, 1.0, 0.0, 0.0, 0.0, 0.0, 0.0, 1.0],
                [1.0, 0.0, -0.0, 0.0, -0.0, 0.0, -1.0, 0.37472, -0.0, 1.0, 0.0, 0.0, 0.0, 0.0, 0.0, 1.0],
                [1.0, 0.0, -0.0, 0.0, -0.0, 0.0, -1.0, 0.37472, -0.0, 1.0, 0.0, -0.0, 0.0, 0.0, 0.0, 1.0],
                [1.0, 0.0, -0.0, 0.0, -0.0, 0.0, -1.0, 0.37472, -0.0, 1.0, 0.0, -0.0, 0.0, 0.0, 0.0, 1.0],
                [1.0, 0.0, -0.0, 0.0, -0.0, 0.0, -1.0, 0.37472, -0.0, 1.0, 0.0, 0.0, 0.0, 0.0, 0.0, 1.0],
                [1.0, 0.0, -0.0, -0.0, -0.0, 0.0, -1.0, 0.37472, -0.0, 1.0, 0.0, 0.0, 0.0, 0.0, 0.0, 1.0]
            ]
        },
        {
            "name": "Thigh_L",
            "time": [0.0, 0.1667, 0.3333, 0.5, 0.65, 0.75, 1.1, 1.4, 1.55, 1.7],
            "transform": [
                [0.995329, -0.021064, -0.094215, -0.112898, 0.02633, -0.879679, 0.474839, 0.060307, -0.092882, -0.475101, -0.875015, 0.002358, 0.0, 0.0, 0.0, 1.0],
                [0.882369, 0.260418, 0.391928, -0.11692, -0.224555, -0.498912, 0.837056, 0.039337, 0.413522, -0.826601, -0.381746, 0.001571, 0.0, 0.0, 0.0, 1.0],
                [0.424962, -0.871816, 0.243604, -0.085787, 0.654066, 0.481773, 0.583174, 0.079266, -0.625783, -0.088494, 0.774961, -0.084206, 0.0, 0.0, 0.0, 1.0],
                [0.641568, -0.760995, -0.09632, -0.089694, 0.680823, 0.507081, 0.528534, 0.044511, -0.353369, -0.404667, 0.84343, -0.110901, 0.0, 0.0, 0.0, 1.0],
                [0.686415, -0.482762, -0.543852, -0.124988, 0.544398, -0.15471, 0.824436, -0.002738, -0.482146, -0.861977, 0.15662, -8e-06, 0.0, 0.0, 0.0, 1.0],
                [0.615275, -0.715641, -0.330597, -0.124988, 0.484918, 0.012943, 0.874464, -0.002738, -0.621523, -0.698348, 0.354991, -8e-06, 0.0, 0.0, 0.0, 1.0],
                [0.604223, -0.741803, -0.290937, -0.124988, 0.509334, 0.078769, 0.856958, -0.002738, -0.612776, -0.665977, 0.425419, -8e-06, 0.0, 0.0, 0.0, 1.0],
                [0.58392, -0.70777, -0.397619, -0.124997, 0.249914, -0.309286, 0.917543, -0.002784, -0.772387, -0.635142, -0.003717, -1e-05, 0.0, 0.0, 0.0, 1.0],
                [0.821762, -0.544648, -0.167527, -0.125002, 0.084329, -0.174519, 0.981036, -0.002807, -0.563556, -0.820305, -0.097484, -1.1e-05, 0.0, 0.0, 0.0, 1.0],
                [0.962645, -0.166666, -0.213394, -0.125006, -0.0, -0.78811, 0.615534, -0.002831, -0.270767, -0.592541, -0.75867, -1.2e-05, 0.0, 0.0, 0.0, 1.0]
            ]
        },
        {
            "name": "Leg_L",
            "time": [0.0, 0.1667, 0.3333, 0.5, 0.65, 0.75, 1.1, 1.4, 1.55, 1.7],
            "transform": [
                [0.972001, 0.228491, 0.054814, -0.0, -0.228808, 0.867294, 0.442096, 0.37472, 0.053475, -0.44226, 0.895291, -0.0, 0.0, 0.0, 0.0, 1.0],
                [0.999996, -0.002601, 0.00094, 0.0, 0.002607, 0.999976, -0.00644, 0.37472, -0.000923, 0.006443, 0.99998, -0.0, 0.0, 0.0, 0.0, 1.0],
                [0.998972, 0.009657, -0.044283, 0.0, -0.001973, 0.98538, 0.170362, 0.37472, 0.04528, -0.1701, 0.984387, -0.0, 0.0, 0.0, 0.0, 1.0],
                [0.999997, 0.002053, 0.001486, -0.0, -0.002401, 0.9551, 0.296275, 0.37472, -0.000811, -0.296278, 0.955102, -0.0, 0.0, 0.0, 0.0, 1.0],
                [0.999997, 0.000867, 0.002381, 0.0, -0.002401, 0.625018, 0.780607, 0.37472, -0.000811, -0.78061, 0.625018, 0.0, 0.0, 0.0, 0.0, 1.0],
                [0.995742, -0.092168, 0.001407, -0.0, 0.044027, 0.488948, 0.871201, 0.37472, -0.080985, -0.86743, 0.490924, -0.0, 0.0, 0.0, 0.0, 1.0],
                [0.997278, -0.073609, -0.00436, 0.0, 0.026392, 0.301103, 0.953226, 0.37472, -0.068853, -0.950747, 0.302225, -0.0, 0.0, 0.0, 0.0, 1.0],
                [0.998039, -0.0626, -0.000502, 0.0, 0.029605, 0.464896, 0.88487, 0.37472, -0.055159, -0.883149, 0.465838, 0.0, 0.0, 0.0, 0.0, 1.0],
                [0.999162, -0.036481, -0.01856, 0.0, 0.022228, 0.102868, 0.994447, 0.37472, -0.034369, -0.994026, 0.103592, 0.0, 0.0, 0.0, 0.0, 1.0],
                [1.0, 0.0, 1e-06, -0.0, -1e-06, 0.781431, 0.623992, 0.37472, -1e-06, -0.623992, 0.781431, -0.0, 0.0, 0.0, 0.0, 1.0]
            ]
        },
        {
            "name": "Knee_L",
            "time": [0.0, 0.0667, 0.0833, 0.1167, 0.1667, 0.1833, 0.2167, 0.25, 0.3333, 0.3667, 0.4167, 0.5, 0.5167, 0.5333, 0.5667, 0.5833, 0.6333, 0.65, 0.75, 1.1, 1.7],
            "transform": [
                [1.0, 0.0, -0.0, -0.0, -0.0, 0.0, -1.0, 0.37472, -0.0, 1.0, 0.0, 0.0, 0.0, 0.0, 0.0, 1.0],
                [1.0, 0.0, -0.0, -0.0, -0.0, 0.0, -1.0, 0.37472, -0.0, 1.0, 0.0, -0.0, 0.0, 0.0, 0.0, 1.0],
                [1.0, 0.0, -0.0, 0.0, -0.0, 0.0, -1.0, 0.37472, -0.0, 1.0, 0.0, -0.0, 0.0, 0.0, 0.0, 1.0],
                [1.0, 0.0, -0.0, -0.0, -0.0, 0.0, -1.0, 0.37472, -0.0, 1.0, 0.0, 0.0, 0.0, 0.0, 0.0, 1.0],
                [1.0, 0.0, -0.0, 0.0, -0.0, 0.0, -1.0, 0.37472, -0.0, 1.0, 0.0, -0.0, 0.0, 0.0, 0.0, 1.0],
                [1.0, 0.0, -0.0, 0.0, -0.0, 0.0, -1.0, 0.37472, -0.0, 1.0, 0.0, 0.0, 0.0, 0.0, 0.0, 1.0],
                [1.0, 0.0, -0.0, -0.0, -0.0, 0.0, -1.0, 0.37472, -0.0, 1.0, 0.0, 0.0, 0.0, 0.0, 0.0, 1.0],
                [1.0, 0.0, -0.0, 0.0, -0.0, 0.0, -1.0, 0.37472, -0.0, 1.0, 0.0, -0.0, 0.0, 0.0, 0.0, 1.0],
                [1.0, 0.0, -0.0, 0.0, -0.0, 0.0, -1.0, 0.37472, -0.0, 1.0, 0.0, -0.0, 0.0, 0.0, 0.0, 1.0],
                [1.0, 0.0, -0.0, -0.0, -0.0, 0.0, -1.0, 0.37472, -0.0, 1.0, 0.0, 0.0, 0.0, 0.0, 0.0, 1.0],
                [1.0, 0.0, -0.0, -0.0, -0.0, 0.0, -1.0, 0.37472, -0.0, 1.0, 0.0, 0.0, 0.0, 0.0, 0.0, 1.0],
                [1.0, 0.0, -0.0, -0.0, -0.0, 0.0, -1.0, 0.37472, -0.0, 1.0, 0.0, 0.0, 0.0, 0.0, 0.0, 1.0],
                [1.0, 0.0, -0.0, 0.0, -0.0, 0.0, -1.0, 0.37472, -0.0, 1.0, 0.0, 0.0, 0.0, 0.0, 0.0, 1.0],
                [1.0, 0.0, -0.0, -0.0, -1e-06, 0.0, -1.0, 0.37472, -0.0, 1.0, 0.0, -0.0, 0.0, 0.0, 0.0, 1.0],
                [1.0, 0.0, -0.0, 0.0, -0.0, 0.0, -1.0, 0.37472, -0.0, 1.0, 0.0, 0.0, 0.0, 0.0, 0.0, 1.0],
                [1.0, 0.0, -0.0, 0.0, -0.0, 0.0, -1.0, 0.37472, -0.0, 1.0, 0.0, -0.0, 0.0, 0.0, 0.0, 1.0],
                [1.0, 0.0, -0.0, 0.0, -0.0, 0.0, -1.0, 0.37472, -0.0, 1.0, 0.0, -0.0, 0.0, 0.0, 0.0, 1.0],
                [1.0, 0.0, -0.0, 0.0, -0.0, 0.0, -1.0, 0.37472, -0.0, 1.0, 0.0, 0.0, 0.0, 0.0, 0.0, 1.0],
                [1.0, 0.0, -0.0, -0.0, -0.0, 0.0, -1.0, 0.37472, -0.0, 1.0, 0.0, -0.0, 0.0, 0.0, 0.0, 1.0],
                [1.0, 0.0, -0.0, 0.0, -0.0, 0.0, -1.0, 0.37472, -0.0, 1.0, 0.0, 0.0, 0.0, 0.0, 0.0, 1.0],
                [1.0, 0.0, -0.0, -0.0, -0.0, 0.0, -1.0, 0.37472, -0.0, 1.0, 0.0, -0.0, 0.0, 0.0, 0.0, 1.0]
            ]
        },
        {
            "name": "Torso",
            "time": [0.0, 0.0667, 0.0833, 0.1167, 0.1667, 0.1833, 0.2167, 0.25, 0.3333, 0.4167, 0.5, 0.5167, 0.5333, 0.5667, 0.5833, 0.6333, 0.65, 0.75, 1.1, 1.7],
            "transform": [
                [0.927533, -0.36743, 0.068388, -0.0, 0.363032, 0.842258, -0.39851, 0.05, 0.088824, 0.394458, 0.914611, -0.0, 0.0, 0.0, 0.0, 1.0],
                [0.963296, -0.267682, 0.0202, 0.0, 0.251335, 0.872913, -0.418154, 0.05, 0.0943, 0.407883, 0.908152, -0.0, 0.0, 0.0, 0.0, 1.0],
                [0.97087, -0.239518, 0.006566, 0.0, 0.220323, 0.881622, -0.417374, 0.05, 0.09418, 0.406663, 0.908711, 0.0, 0.0, 0.0, 0.0, 1.0],
                [0.983042, -0.182209, -0.020691, -0.0, 0.157415, 0.896339, -0.414484, 0.05, 0.094069, 0.404199, 0.909821, -0.0, 0.0, 0.0, 0.0, 1.0],
                [0.993645, -0.094454, -0.061225, -0.0, 0.061571, 0.911428, -0.406827, 0.05, 0.094228, 0.400472, 0.911451, 0.0, 0.0, 0.0, 0.0, 1.0],
                [0.995102, -0.064906, -0.074557, 0.0, 0.029428, 0.914551, -0.403399, 0.05, 0.094369, 0.399229, 0.911982, -0.0, 0.0, 0.0, 0.0, 1.0],
                [0.994888, -0.005646, -0.100824, 0.0, -0.034848, 0.917907, -0.395263, 0.05, 0.094779, 0.396756, 0.913018, -0.0, 0.0, 0.0, 0.0, 1.0],
                [0.990531, 0.053521, -0.12643, -0.0, -0.098772, 0.917418, -0.385472, 0.05, 0.095359, 0.39431, 0.914017, 0.0, 0.0, 0.0, 0.0, 1.0],
                [0.969816, 0.052818, -0.238047, 0.0, -0.243255, 0.276955, -0.929582, 0.05, 0.016829, 0.95943, 0.281444, 0.0, 0.0, 0.0, 0.0, 1.0],
                [0.967146, 0.111948, -0.228245, 0.0, -0.193129, 0.907386, -0.373298, 0.05, 0.165317, 0.405114, 0.899196, 0.0, 0.0, 0.0, 0.0, 1.0],
                [0.963289, 0.023596, -0.267427, -0.0, -0.131886, 0.909236, -0.394837, 0.05, 0.233838, 0.415612, 0.878969, 0.0, 0.0, 0.0, 0.0, 1.0],
                [0.961451, 0.005834, -0.274915, -0.0, -0.119728, 0.908912, -0.399431, 0.05, 0.247543, 0.416948, 0.874572, 0.0, 0.0, 0.0, 0.0, 1.0],
                [0.972949, -0.039653, -0.227589, -0.0, -0.050862, 0.924218, -0.378464, 0.05, 0.225349, 0.379802, 0.8972, -0.0, 0.0, 0.0, 0.0, 1.0],
                [0.9814, -0.13677, -0.134712, -0.0, 0.086675, 0.941817, -0.324759, 0.05, 0.171291, 0.307043, 0.936154, -0.0, 0.0, 0.0, 0.0, 1.0],
                [0.978119, -0.187543, -0.09006, 0.0, 0.154041, 0.943806, -0.292406, 0.05, 0.139838, 0.272135, 0.952044, 0.0, 0.0, 0.0, 0.0, 1.0],
                [0.9388, -0.342992, 0.031799, 0.0, 0.343028, 0.922479, -0.177098, 0.05, 0.03141, 0.177167, 0.983679, -0.0, 0.0, 0.0, 0.0, 1.0],
                [0.916547, -0.394231, 0.067253, -0.0, 0.399842, 0.906746, -0.13393, 0.05, -0.008182, 0.149644, 0.988706, 0.0, 0.0, 0.0, 0.0, 1.0],
                [0.944034, -0.328937, -0.024499, -0.0, 0.317221, 0.925741, -0.20585, 0.05, 0.090391, 0.186558, 0.978277, 0.0, 0.0, 0.0, 0.0, 1.0],
                [0.959379, -0.213975, -0.183864, -0.0, 0.120371, 0.899888, -0.41918, 0.05, 0.255151, 0.380021, 0.889091, -0.0, 0.0, 0.0, 0.0, 1.0],
                [1.0, 0.0, 0.0, 0.0, 0.0, 0.948777, 0.315948, 0.05, 0.0, -0.315948, 0.948776, 0.0, 0.0, 0.0, 0.0, 1.0]
            ]
        },
        {
            "name": "Chest",
            "time": [0.0, 0.0667, 0.0833, 0.1167, 0.1667, 0.1833, 0.2167, 0.25, 0.3333, 0.4167, 0.5, 0.5667, 0.6333, 0.65, 0.75, 1.1, 1.7],
            "transform": [
                [0.474859, -0.699769, 0.533696, -0.0, 0.160044, 0.664982, 0.729509, 0.3, -0.865387, -0.260999, 0.427767, -0.0, 0.0, 0.0, 0.0, 1.0],
                [0.689922, -0.532343, 0.490528, -0.0, 0.199143, 0.791066, 0.578408, 0.3, -0.695952, -0.301372, 0.651787, 0.0, 0.0, 0.0, 0.0, 1.0],
                [0.746228, -0.479254, 0.462016, 0.0, 0.198238, 0.822538, 0.533041, 0.3, -0.635488, -0.306181, 0.708808, 0.0, 0.0, 0.0, 0.0, 1.0],
                [0.8472, -0.365913, 0.385175, 0.0, 0.182008, 0.881032, 0.436642, 0.3, -0.499125, -0.299818, 0.813009, -0.0, 0.0, 0.0, 0.0, 1.0],
                [0.956034, -0.188775, 0.224419, 0.0, 0.120241, 0.950311, 0.287143, 0.3, -0.267474, -0.247534, 0.931227, -0.0, 0.0, 0.0, 0.0, 1.0],
                [0.978187, -0.131136, 0.161102, -0.0, 0.090287, 0.966859, 0.238813, 0.3, -0.18708, -0.219058, 0.957609, 0.0, 0.0, 0.0, 0.0, 1.0],
                [0.999419, -0.022882, 0.025265, -0.0, 0.018883, 0.988729, 0.148524, 0.3, -0.028378, -0.147961, 0.988586, 0.0, 0.0, 0.0, 0.0, 1.0],
                [0.990671, 0.071606, -0.115949, 0.0, -0.063718, 0.995484, 0.070364, 0.3, 0.120464, -0.062319, 0.99076, -0.0, 0.0, 0.0, 0.0, 1.0],
                [0.843969, 0.456489, -0.281665, 0.0, -0.234737, 0.786477, 0.571272, 0.3, 0.482303, -0.416019, 0.770917, -0.0, 0.0, 0.0, 0.0, 1.0],
                [0.833699, 0.205118, -0.512712, -0.0, -0.204052, 0.977172, 0.059133, 0.3, 0.513137, 0.05532, 0.856522, -0.0, 0.0, 0.0, 0.0, 1.0],
                [0.79253, 0.189263, -0.57972, 0.0, -0.109672, 0.979357, 0.169802, 0.3, 0.59989, -0.070994, 0.796927, -0.0, 0.0, 0.0, 0.0, 1.0],
                [0.770989, 0.587046, -0.246885, 0.0, -0.450297, 0.776649, 0.44051, 0.3, 0.450343, -0.228457, 0.863133, -0.0, 0.0, 0.0, 0.0, 1.0],
                [0.71145, 0.184844, -0.677991, -0.0, 0.061092, 0.944865, 0.321711, 0.3, 0.700077, -0.270301, 0.660931, 0.0, 0.0, 0.0, 0.0, 1.0],
                [0.700365, 0.18609, -0.689101, 0.0, 0.083395, 0.937473, 0.33792, 0.3, 0.708897, -0.294135, 0.641054, -0.0, 0.0, 0.0, 0.0, 1.0],
                [0.68997, 0.187584, -0.699109, 0.0, 0.104125, 0.93007, 0.352319, 0.3, 0.716309, -0.315884, 0.622188, -0.0, 0.0, 0.0, 0.0, 1.0],
                [0.652357, 0.195403, -0.73229, 0.0, 0.177777, 0.899787, 0.39847, 0.3, 0.736767, -0.390129, 0.552244, -0.0, 0.0, 0.0, 0.0, 1.0],
                [1.0, 0.0, -0.0, 0.0, -0.0, 0.723276, 0.690559, 0.3, 0.0, -0.690559, 0.723276, 0.0, 0.0, 0.0, 0.0, 1.0]
            ]
        },
        {
            "name": "Head",
            "time": [0.0, 0.0667, 0.0833, 0.1167, 0.1667, 0.1833, 0.2167, 0.25, 0.3333, 0.5, 0.5667, 0.6333, 0.65, 0.75, 1.1, 1.7],
            "transform": [
                [0.995509, -0.059956, 0.073267, -0.0, 0.021404, 0.896406, 0.442715, 0.4, -0.09222, -0.439158, 0.893664, 0.0, 0.0, 0.0, 0.0, 1.0],
                [0.935195, -0.179788, 0.3051, -0.0, -0.02499, 0.825889, 0.563278, 0.4, -0.353249, -0.534399, 0.767875, 0.0, 0.0, 0.0, 0.0, 1.0],
                [0.909032, -0.2125, 0.358475, -0.0, -0.041341, 0.809988, 0.584986, 0.4, -0.41467, -0.546591, 0.727521, 0.0, 0.0, 0.0, 0.0, 1.0],
                [0.844298, -0.280259, 0.456744, -0.0, -0.079219, 0.777694, 0.623631, 0.4, -0.529986, -0.562713, 0.634404, 0.0, 0.0, 0.0, 0.0, 1.0],
                [0.72083, -0.383449, 0.577383, -0.0, -0.14637, 0.730029, 0.667558, 0.4, -0.677481, -0.565707, 0.470102, 0.0, 0.0, 0.0, 0.0, 1.0],
                [0.709034, -0.317393, 0.629709, -0.0, -0.139507, 0.812199, 0.566455, 0.4, -0.691237, -0.489484, 0.531598, 0.0, 0.0, 0.0, 0.0, 1.0],
                [0.686713, -0.159225, 0.709276, -0.0, -0.117765, 0.938459, 0.324694, 0.4, -0.717326, -0.3065, 0.625701, 0.0, 0.0, 0.0, 0.0, 1.0],
                [0.668568, 0.021614, 0.743337, -0.0, -0.086297, 0.995079, 0.048684, 0.4, -0.738627, -0.096696, 0.667144, 0.0, 0.0, 0.0, 0.0, 1.0],
                [0.653274, -0.244877, 0.716428, -0.0, 0.010279, 0.949033, 0.315009, 0.4, -0.757052, -0.198422, 0.622496, 0.0, 0.0, 0.0, 0.0, 1.0],
                [0.56829, 0.473433, 0.672983, -0.0, -0.001705, 0.818566, -0.574409, 0.4, -0.822826, 0.325284, 0.46599, 0.0, 0.0, 0.0, 0.0, 1.0],
                [0.780268, 0.195005, 0.594268, -0.0, -0.017962, 0.956746, -0.290367, 0.4, -0.625187, 0.21589, 0.750022, 0.0, 0.0, 0.0, 0.0, 1.0],
                [0.749952, -0.216906, 0.624919, -0.0, 0.257595, 0.965899, 0.026124, 0.4, -0.609276, 0.141384, 0.780252, 0.0, 0.0, 0.0, 0.0, 1.0],
                [0.783525, -0.263662, 0.562647, -0.0, 0.257708, 0.961846, 0.091855, 0.4, -0.565399, 0.073028, 0.821578, 0.0, 0.0, 0.0, 0.0, 1.0],
                [0.784112, -0.264474, 0.561446, -0.0, 0.257745, 0.961721, 0.093063, 0.4, -0.564567, 0.071738, 0.822264, 0.0, 0.0, 0.0, 0.0, 1.0],
                [0.786158, -0.267298, 0.557232, -0.0, 0.257881, 0.961266, 0.097283, 0.4, -0.561652, 0.06722, 0.824638, 0.0, 0.0, 0.0, 0.0, 1.0],
                [1.0, -0.0, 0.0, -0.0, 0.0, 0.919648, -0.392743, 0.4, -0.0, 0.392743, 0.919649, 0.0, 0.0, 0.0, 0.0, 1.0]
            ]
        },
        {
            "name": "Shoulder_R",
            "time": [0.0, 0.0667, 0.0833, 0.1167, 0.1667, 0.1833, 0.2167, 0.25, 0.3333, 0.3667, 0.4167, 0.5, 0.5667, 0.65, 0.75, 1.1, 1.7],
            "transform": [
                [-0.319273, 0.551052, 0.770977, -0.0, -0.903085, -0.423506, -0.071282, 0.4, 0.287233, -0.719016, 0.632861, 0.0, 0.0, 0.0, 0.0, 1.0],
                [-0.420635, 0.871789, 0.251097, 0.0, -0.895196, -0.443772, 0.041116, 0.4, 0.147275, -0.207486, 0.967088, 0.0, 0.0, 0.0, 0.0, 1.0],
                [-0.404317, 0.880332, 0.248078, 0.0, -0.908297, -0.418305, 0.004058, 0.4, 0.107345, -0.223688, 0.968731, 0.0, 0.0, 0.0, 0.0, 1.0],
                [-0.370198, 0.896321, 0.244055, -0.0, -0.92862, -0.364103, -0.071377, 0.4, 0.024885, -0.253058, 0.967131, 0.0, 0.0, 0.0, 0.0, 1.0],
                [-0.316053, 0.916981, 0.243426, 0.0, -0.943092, -0.275694, -0.185933, 0.4, -0.103385, -0.288338, 0.951931, 0.0, 0.0, 0.0, 0.0, 1.0],
                [-0.302776, 0.905126, 0.298451, -0.0, -0.943125, -0.239449, -0.230604, 0.4, -0.137262, -0.351298, 0.926147, 0.0, 0.0, 0.0, 0.0, 1.0],
                [-0.281878, 0.869148, 0.406357, -0.0, -0.936924, -0.158117, -0.311723, 0.4, -0.206682, -0.468594, 0.858896, 0.0, 0.0, 0.0, 0.0, 1.0],
                [-0.269041, 0.818169, 0.508149, -0.0, -0.922686, -0.067667, -0.379568, 0.4, -0.276165, -0.570982, 0.773119, 0.0, 0.0, 0.0, 0.0, 1.0],
                [-0.271473, 0.643002, 0.716136, -0.0, -0.858636, 0.174339, -0.482027, 0.4, -0.434795, -0.745757, 0.504776, 0.0, 0.0, 0.0, 0.0, 1.0],
                [-0.337158, 0.659541, 0.671811, -0.0, -0.867703, 0.059162, -0.493551, 0.4, -0.365263, -0.749337, 0.552338, 0.0, 0.0, 0.0, 0.0, 1.0],
                [-0.440013, 0.666734, 0.601543, 0.0, -0.859829, -0.119606, -0.496374, 0.4, -0.259001, -0.735635, 0.625906, 0.0, 0.0, 0.0, 0.0, 1.0],
                [-0.610841, 0.627753, 0.482493, 0.0, -0.786662, -0.412205, -0.459619, 0.4, -0.089641, -0.660313, 0.745621, 0.0, 0.0, 0.0, 0.0, 1.0],
                [-0.319048, 0.817603, 0.479306, 0.0, -0.935067, -0.189135, -0.299796, 0.4, -0.15446, -0.543833, 0.824856, 0.0, 0.0, 0.0, 0.0, 1.0],
                [-0.412227, 0.744327, 0.525401, -0.0, -0.867008, -0.497677, 0.0248, 0.4, 0.279939, -0.445303, 0.850493, 0.0, 0.0, 0.0, 0.0, 1.0],
                [-0.397114, 0.495232, 0.772688, -0.0, -0.734652, -0.676146, 0.055791, 0.4, 0.550079, -0.545501, 0.63233, 0.0, 0.0, 0.0, 0.0, 1.0],
                [-0.397114, 0.495232, 0.772688, 0.0, -0.734652, -0.676146, 0.055791, 0.4, 0.550079, -0.545501, 0.63233, 0.0, 0.0, 0.0, 0.0, 1.0],
                [0.0, 0.95212, 0.305742, 0.0, -1e-06, -0.305744, 0.952112, 0.4, 1.0, -1e-06, 1e-06, 0.0, 0.0, 0.0, 0.0, 1.0]
            ]
        },
        {
            "name": "Arm_R",
            "time": [0.0, 0.0667, 0.0833, 0.1167, 0.1667, 0.1833, 0.2167, 0.25, 0.3333, 0.3667, 0.4167, 0.5, 0.5667, 0.65, 0.75, 1.1, 1.45, 1.7],
            "transform": [
                [-0.633734, -0.736182, -0.237527, 0.0, -0.386982, 0.567594, -0.726693, 0.39386, 0.669796, -0.368611, -0.644592, 0.0, 0.0, 0.0, 0.0, 1.0],
                [0.182428, -0.711081, 0.679032, 0.0, -0.91644, 0.127203, 0.379416, 0.39386, -0.356171, -0.691509, -0.628458, -0.0, 0.0, 0.0, 0.0, 1.0],
                [0.243277, -0.654194, 0.716133, -0.0, -0.913472, 0.093749, 0.395954, 0.39386, -0.326168, -0.750494, -0.574781, -0.0, 0.0, 0.0, 0.0, 1.0],
                [0.305685, -0.468635, 0.828817, -0.0, -0.854241, 0.249463, 0.456114, 0.39386, -0.42051, -0.847438, -0.32407, 0.0, 0.0, 0.0, 0.0, 1.0],
                [0.435559, -0.159846, 0.885854, 0.0, -0.743065, 0.491613, 0.45406, 0.39386, -0.508077, -0.856018, 0.095351, 0.0, 0.0, 0.0, 0.0, 1.0],
                [0.509616, -0.216789, 0.832643, -0.0, -0.62356, 0.573744, 0.531029, 0.39386, -0.592845, -0.789823, 0.157208, 0.0, 0.0, 0.0, 0.0, 1.0],
                [0.618136, -0.359885, 0.69885, -0.0, -0.323691, 0.693633, 0.643504, 0.39386, -0.716333, -0.623985, 0.312268, 0.0, 0.0, 0.0, 0.0, 1.0],
                [0.539951, -0.362478, 0.759646, 0.0, -0.110497, 0.864181, 0.490899, 0.39386, -0.834412, -0.349, 0.426562, -0.0, 0.0, 0.0, 0.0, 1.0],
                [0.284607, -0.709944, 0.644189, -0.0, 0.461091, 0.690522, 0.557293, 0.39386, -0.840473, 0.13842, 0.523876, 0.0, 0.0, 0.0, 0.0, 1.0],
                [0.007137, -0.492841, 0.87009, 0.0, 0.389944, 0.802601, 0.451415, 0.39386, -0.920811, 0.336064, 0.197908, 0.0, 0.0, 0.0, 0.0, 1.0],
                [-0.161093, -0.36501, 0.916961, 0.0, 0.37417, 0.837148, 0.398974, 0.39386, -0.913261, 0.407371, 0.001717, 0.0, 0.0, 0.0, 0.0, 1.0],
                [-0.277948, -0.180034, 0.943574, -0.0, 0.330718, 0.904294, 0.269959, 0.39386, -0.901871, 0.387092, -0.191806, -0.0, 0.0, 0.0, 0.0, 1.0],
                [-0.596682, 0.120335, 0.793405, 0.0, 0.46849, 0.85495, 0.22266, 0.39386, -0.651528, 0.504559, -0.566509, -0.0, 0.0, 0.0, 0.0, 1.0],
                [-0.476126, 0.049043, 0.878008, -0.0, -0.041594, 0.99607, -0.078193, 0.39386, -0.878393, -0.07375, -0.472215, -0.0, 0.0, 0.0, 0.0, 1.0],
                [-0.48455, -0.099992, 0.86903, 0.0, -0.227766, 0.973601, -0.014972, 0.39386, -0.844591, -0.20519, -0.494533, -0.0, 0.0, 0.0, 0.0, 1.0],
                [-0.197651, -0.353508, 0.914312, 0.0, -0.558653, 0.807046, 0.191268, 0.39386, -0.805507, -0.472979, -0.357001, 0.0, 0.0, 0.0, 0.0, 1.0],
                [-0.419208, 0.215794, -0.881873, 0.0, 0.38593, 0.92157, 0.042052, 0.39386, 0.821781, -0.322712, -0.46961, 0.0, 0.0, 0.0, 0.0, 1.0],
                [0.856321, 0.175829, -0.485593, -0.0, 0.233168, 0.707347, 0.667304, 0.39386, 0.460813, -0.684651, 0.564718, 0.0, 0.0, 0.0, 0.0, 1.0]
            ]
        },
        {
            "name": "Hand_R",
            "time": [0.0, 0.0667, 0.0833, 0.1167, 0.1667, 0.1833, 0.2167, 0.25, 0.3333, 0.3667, 0.4167, 0.5, 0.5167, 0.5333, 0.5667, 0.65, 0.75, 1.1, 1.45, 1.7],
            "transform": [
                [0.669181, -0.420417, 0.612737, -0.0, 0.348575, 0.905815, 0.24082, 0.300001, -0.65627, 0.052432, 0.752702, -0.0, 0.0, 0.0, 0.0, 1.0],
                [0.020882, 0.706413, 0.707492, 0.0, -0.005331, 0.707715, -0.706478, 0.300001, -0.999768, 0.010981, 0.018544, 0.0, 0.0, 0.0, 0.0, 1.0],
                [0.020882, 0.75799, 0.651932, -0.0, -0.005331, 0.652149, -0.758072, 0.3, -0.999768, 0.012355, 0.017659, 0.0, 0.0, 0.0, 0.0, 1.0],
                [0.020882, 0.847683, 0.530092, -0.0, -0.005331, 0.530295, -0.847796, 0.300001, -0.999767, 0.014878, 0.015593, -0.0, 0.0, 0.0, 0.0, 1.0],
                [0.020882, 0.944084, 0.329046, -0.0, -0.005331, 0.329218, -0.944239, 0.300001, -0.999768, 0.017963, 0.011907, 0.0, 0.0, 0.0, 0.0, 1.0],
                [0.014896, 0.910114, 0.414091, 0.0, 0.008805, 0.414001, -0.910234, 0.300001, -0.99985, 0.017205, -0.001847, -0.0, 0.0, 0.0, 0.0, 1.0],
                [-0.001279, 0.817018, 0.576611, -0.0, 0.035769, 0.57628, -0.816469, 0.300001, -0.999359, 0.01958, -0.029961, -0.0, 0.0, 0.0, 0.0, 1.0],
                [-0.022625, 0.692791, 0.720784, 0.0, 0.059614, 0.72062, -0.690763, 0.3, -0.997965, 0.02734, -0.057605, 0.0, 0.0, 0.0, 0.0, 1.0],
                [-0.090681, 0.292294, 0.95202, -0.0, 0.097498, 0.953972, -0.283606, 0.300001, -0.991096, 0.067102, -0.115006, -0.0, 0.0, 0.0, 0.0, 1.0],
                [-0.072223, 0.359531, 0.930334, -0.0, 0.094461, 0.931043, -0.352472, 0.300001, -0.992905, 0.062423, -0.101204, 0.0, 0.0, 0.0, 0.0, 1.0],
                [-0.044691, 0.458142, 0.887755, -0.0, 0.087295, 0.887035, -0.453376, 0.300001, -0.995179, 0.057235, -0.079636, -0.0, 0.0, 0.0, 0.0, 1.0],
                [-0.000541, 0.611634, 0.791141, -0.0, 0.068508, 0.789305, -0.610168, 0.300001, -0.997651, 0.05387, -0.042329, 0.0, 0.0, 0.0, 0.0, 1.0],
                [0.007853, 0.640081, 0.768267, 0.0, 0.063777, 0.766406, -0.639182, 0.3, -0.997933, 0.054017, -0.034803, -0.0, 0.0, 0.0, 0.0, 1.0],
                [0.005151, 0.612834, 0.790195, 0.0, 0.080966, 0.787356, -0.611159, 0.300001, -0.996704, 0.067126, -0.045563, -0.0, 0.0, 0.0, 0.0, 1.0],
                [-0.002042, 0.556318, 0.830968, 0.0, 0.114889, 0.825597, -0.55244, 0.300001, -0.993377, 0.094341, -0.065601, -0.0, 0.0, 0.0, 0.0, 1.0],
                [-0.146226, 0.212267, 0.96621, 0.0, 0.285725, 0.944143, -0.164177, 0.300001, -0.94709, 0.252064, -0.198708, -0.0, 0.0, 0.0, 0.0, 1.0],
                [-0.146226, 0.212267, 0.96621, -0.0, 0.285725, 0.944143, -0.164177, 0.300001, -0.94709, 0.252064, -0.198708, -0.0, 0.0, 0.0, 0.0, 1.0],
                [-0.146226, 0.212267, 0.96621, 0.0, 0.285726, 0.944144, -0.164177, 0.300001, -0.94709, 0.252064, -0.198708, 0.0, 0.0, 0.0, 0.0, 1.0],
                [-0.0509, 0.096712, 0.994012, -0.0, 0.748351, 0.662789, -0.026165, 0.300001, -0.661347, 0.742538, -0.10611, -0.0, 0.0, 0.0, 0.0, 1.0],
                [-0.028933, -0.008958, 0.999544, -0.0, 0.945671, 0.323712, 0.030275, 0.300001, -0.323834, 0.946118, -0.000895, 0.0, 0.0, 0.0, 0.0, 1.0]
            ]
        },
        {
            "name": "Tool_R",
            "time": [0.0, 0.0667, 0.0833, 0.1167, 0.1667, 0.1833, 0.2167, 0.25, 0.3333, 0.3667, 0.4167, 0.5, 0.5167, 0.5333, 0.5667, 0.6333, 0.65, 0.75, 1.1, 1.7],
            "transform": [
                [0.994193, -0.069399, 0.08238, 0.001932, -0.019073, -0.86613, -0.499221, 0.272723, 0.105896, 0.494199, -0.861035, -0.000615, 0.0, 0.0, 0.0, 1.0],
                [1.000015, 0.0, -0.0, 0.001989, 0.0, -0.439184, -0.898384, 0.272719, -0.0, 0.897188, -0.438613, -0.000633, 0.0, 0.0, 0.0, 1.0],
                [1.000015, -0.0, 0.0, 0.001989, 0.0, -0.467426, -0.884019, 0.272719, 0.0, 0.882841, -0.466817, -0.000633, 0.0, 0.0, 0.0, 1.0],
                [1.000015, 0.0, -0.0, 0.001989, 0.0, -0.522485, -0.852637, 0.272719, -0.0, 0.851498, -0.5218, -0.000633, 0.0, 0.0, 0.0, 1.0],
                [1.000015, 0.0, 0.0, 0.001989, 0.0, -0.600903, -0.79931, 0.272719, -0.0, 0.79824, -0.600112, -0.000633, 0.0, 0.0, 0.0, 1.0],
                [0.999953, 0.005528, -0.009661, 0.001989, -0.002821, -0.713728, -0.700407, 0.272719, -0.010753, 0.699449, -0.712723, -0.000633, 0.0, 0.0, 0.0, 1.0],
                [0.999464, 0.011977, -0.030958, 0.001989, -0.003501, -0.8894, -0.45711, 0.272719, -0.032966, 0.456342, -0.88768, -0.000633, 0.0, 0.0, 0.0, 1.0],
                [0.999133, -0.039549, -0.014071, 0.001989, -0.040675, -0.829233, -0.557413, 0.272719, 0.010363, 0.556738, -0.829004, -0.000633, 0.0, 0.0, 0.0, 1.0],
                [0.984878, -0.17333, 0.001031, 0.001989, -0.108942, -0.623605, -0.7741, 0.272719, 0.134639, 0.761249, -0.632213, -0.000633, 0.0, 0.0, 0.0, 1.0],
                [0.992059, -0.125825, 0.004109, 0.001989, -0.085564, -0.697823, -0.711131, 0.272719, 0.092223, 0.704174, -0.702106, -0.000633, 0.0, 0.0, 0.0, 1.0],
                [0.998633, -0.052558, 3.9e-05, 0.001989, -0.041916, -0.79685, -0.602713, 0.272719, 0.031666, 0.601065, -0.79689, -0.000633, 0.0, 0.0, 0.0, 1.0],
                [0.997243, 0.067853, -0.030541, 0.001989, 0.050382, -0.917759, -0.393923, 0.272719, -0.054685, 0.390753, -0.917404, -0.000633, 0.0, 0.0, 0.0, 1.0],
                [0.997168, 0.068853, -0.030729, 0.001989, 0.053627, -0.934131, -0.352873, 0.272719, -0.052931, 0.349735, -0.933912, -0.000633, 0.0, 0.0, 0.0, 1.0],
                [0.997092, 0.069842, -0.030962, 0.001989, 0.056787, -0.948648, -0.311191, 0.272719, -0.051038, 0.308093, -0.948568, -0.000633, 0.0, 0.0, 0.0, 1.0],
                [0.996936, 0.071775, -0.031554, 0.001989, 0.062815, -0.971997, -0.226438, 0.272719, -0.04686, 0.22344, -0.972206, -0.000633, 0.0, 0.0, 0.0, 1.0],
                [0.977514, 0.20684, -0.041385, 0.001989, 0.155203, -0.838097, -0.52297, 0.272719, -0.142665, 0.504093, -0.850205, -0.000633, 0.0, 0.0, 0.0, 1.0],
                [0.961458, 0.224065, -0.159437, 0.001989, 0.11726, -0.858448, -0.49931, 0.272719, -0.248419, 0.460733, -0.850486, -0.000633, 0.0, 0.0, 0.0, 1.0],
                [0.954132, 0.224047, -0.19865, 0.001989, 0.096709, -0.858447, -0.503696, 0.272719, -0.28301, 0.460744, -0.839604, -0.000633, 0.0, 0.0, 0.0, 1.0],
                [0.954132, 0.224047, -0.19865, 0.001989, 0.096709, -0.858447, -0.503696, 0.272719, -0.28301, 0.460744, -0.839604, -0.000633, 0.0, 0.0, 0.0, 1.0],
                [0.999979, 0.0, 0.0, 0.0, 0.0, -0.99814, 0.017925, 0.272858, 0.0, -0.018091, -0.987662, 0.0, 0.0, 0.0, 0.0, 1.0]
            ]
        },
        {
            "name": "Elbow_R",
            "time": [0.0, 0.0667, 0.0833, 0.1167, 0.1667, 0.1833, 0.2167, 0.25, 0.3333, 0.3667, 0.4167, 0.5, 0.5167, 0.5333, 0.5667, 0.5833, 0.6333, 0.65, 0.75, 1.1, 1.7],
            "transform": [
                [-1.0, 0.0, -0.0, 0.0, 0.0, -0.0, -1.0, 0.3, -0.0, -1.0, 0.0, -0.0, 0.0, 0.0, 0.0, 1.0],
                [-1.0, 0.0, -0.0, 0.0, 0.0, 0.0, -1.0, 0.3, -0.0, -1.0, 0.0, -0.0, 0.0, 0.0, 0.0, 1.0],
                [-1.0, 0.0, -0.0, 0.0, 0.0, 0.0, -1.0, 0.3, -0.0, -1.0, 0.0, 0.0, 0.0, 0.0, 0.0, 1.0],
                [-1.0, 0.0, -0.0, 0.0, 0.0, 0.0, -1.0, 0.3, -0.0, -1.0, -0.0, -0.0, 0.0, 0.0, 0.0, 1.0],
                [-1.0, 0.0, -0.0, 0.0, 0.0, 0.0, -1.0, 0.3, -0.0, -1.0, 0.0, 0.0, 0.0, 0.0, 0.0, 1.0],
                [-1.0, 0.0, -0.0, 0.0, 0.0, 0.0, -1.0, 0.3, -0.0, -1.0, 0.0, -0.0, 0.0, 0.0, 0.0, 1.0],
                [-1.0, 0.0, -0.0, 0.0, 0.0, 0.0, -1.0, 0.3, -0.0, -1.0, 0.0, -0.0, 0.0, 0.0, 0.0, 1.0],
                [-1.0, 0.0, -0.0, 0.0, 0.0, 0.0, -1.0, 0.3, -0.0, -1.0, 0.0, -0.0, 0.0, 0.0, 0.0, 1.0],
                [-1.0, 0.0, -0.0, 0.0, 0.0, 0.0, -1.0, 0.3, -0.0, -1.0, 0.0, -0.0, 0.0, 0.0, 0.0, 1.0],
                [-1.0, 0.0, -0.0, 0.0, 0.0, 0.0, -1.0, 0.3, -0.0, -1.0, -0.0, 0.0, 0.0, 0.0, 0.0, 1.0],
                [-1.0, 0.0, -0.0, 0.0, 0.0, 0.0, -1.0, 0.3, -0.0, -1.0, 0.0, -0.0, 0.0, 0.0, 0.0, 1.0],
                [-1.0, 0.0, -0.0, 0.0, 0.0, 0.0, -1.0, 0.3, -0.0, -1.0, -0.0, -0.0, 0.0, 0.0, 0.0, 1.0],
                [-1.0, 0.0, -0.0, 0.0, 0.0, 0.0, -1.0, 0.3, -0.0, -1.0, -0.0, -0.0, 0.0, 0.0, 0.0, 1.0],
                [-1.0, 0.0, -0.0, 0.0, 0.0, 0.0, -1.0, 0.3, -0.0, -1.0, -0.0, -0.0, 0.0, 0.0, 0.0, 1.0],
                [-1.0, 0.0, -0.0, 0.0, 0.0, 0.0, -1.0, 0.3, -0.0, -1.0, 0.0, -0.0, 0.0, 0.0, 0.0, 1.0],
                [-1.0, 0.0, -0.0, 0.0, 0.0, 0.0, -1.0, 0.3, -0.0, -1.0, 0.0, -0.0, 0.0, 0.0, 0.0, 1.0],
                [-1.0, 0.0, -0.0, 0.0, 0.0, 0.0, -1.0, 0.3, -0.0, -1.0, 0.0, -0.0, 0.0, 0.0, 0.0, 1.0],
                [-1.0, 0.0, -0.0, 0.0, 0.0, 0.0, -1.0, 0.3, -0.0, -1.0, -0.0, -0.0, 0.0, 0.0, 0.0, 1.0],
                [-1.0, 0.0, -0.0, 0.0, 0.0, 0.0, -1.0, 0.3, -0.0, -1.0, -0.0, -0.0, 0.0, 0.0, 0.0, 1.0],
                [-1.0, 0.0, -0.0, 0.0, 0.0, 0.0, -1.0, 0.3, -0.0, -1.0, -0.0, 0.0, 0.0, 0.0, 0.0, 1.0],
                [-0.999999, 0.0, -0.0, 0.0, 0.0, 0.0, -1.0, 0.3, -0.0, -0.999995, -0.0, -0.0, 0.0, 0.0, 0.0, 1.0]
            ]
        },
        {
            "name": "Shoulder_L",
            "time": [0.0, 0.0667, 0.0833, 0.1167, 0.1667, 0.1833, 0.2167, 0.25, 0.3333, 0.3667, 0.4167, 0.5, 0.5167, 0.5333, 0.5667, 0.5833, 0.6333, 0.65, 0.75, 1.1, 1.7],
            "transform": [
                [0.569758, -0.821553, 0.020674, -0.0, 0.246788, 0.195038, 0.94924, 0.399999, -0.783882, -0.535735, 0.313874, 0.0, 0.0, 0.0, 0.0, 1.0],
                [0.336227, -0.941626, 0.017123, -0.0, 0.405225, 0.161059, 0.899918, 0.399999, -0.850143, -0.295639, 0.435723, -0.0, 0.0, 0.0, 0.0, 1.0],
                [0.278652, -0.960385, -0.003851, 0.0, 0.447702, 0.12635, 0.885211, 0.399999, -0.849656, -0.248391, 0.465174, 0.0, 0.0, 0.0, 0.0, 1.0],
                [0.15608, -0.986927, -0.040175, -0.0, 0.525493, 0.048528, 0.849413, 0.399999, -0.836359, -0.153689, 0.526198, 0.0, 0.0, 0.0, 0.0, 1.0],
                [-0.039457, -0.996206, -0.077568, -0.0, 0.618389, -0.085322, 0.781227, 0.399999, -0.784881, -0.017143, 0.619409, -0.0, 0.0, 0.0, 0.0, 1.0],
                [-0.086001, -0.995178, -0.047183, -0.0, 0.647248, -0.091812, 0.75673, 0.399999, -0.757413, 0.03454, 0.652022, 0.0, 0.0, 0.0, 0.0, 1.0],
                [-0.173817, -0.984605, 0.018488, 0.0, 0.700226, -0.11037, 0.705338, 0.399999, -0.692439, 0.135545, 0.70863, 0.0, 0.0, 0.0, 0.0, 1.0],
